2.450942993164062500e-04
4.465579986572265625e-04
3.545284271240234375e-04
3.166198730468750000e-04
3.054141998291015625e-04
2.858638763427734375e-04
2.238750457763671875e-04
4.367828369140625000e-04
3.833770751953125000e-04
3.085136413574218750e-04
3.712177276611328125e-04
3.569126129150390625e-04
3.745555877685546875e-04
3.173351287841796875e-04
2.856254577636718750e-04
2.441406250000000000e-04
2.110004425048828125e-04
2.462863922119140625e-04
2.751350402832031250e-04
2.877712249755859375e-04
2.572536468505859375e-04
2.334117889404296875e-04
2.195835113525390625e-04
2.055168151855468750e-04
2.467632293701171875e-04
2.195835113525390625e-04
2.183914184570312500e-04
2.393722534179687500e-04
2.274513244628906250e-04
2.181529998779296875e-04
2.276897430419921875e-04
2.245903015136718750e-04
2.107620239257812500e-04
2.255439758300781250e-04
2.260208129882812500e-04
2.100467681884765625e-04
2.603530883789062500e-04
2.079010009765625000e-04
2.424716949462890625e-04
2.057552337646484375e-04
3.259181976318359375e-04
2.719640731811523438e-03
1.212692260742187500e-02
1.246500015258789062e-02
1.218104362487792969e-02
1.299500465393066406e-02
1.322865486145019531e-02
1.252651214599609375e-02
1.283740997314453125e-02
1.257205009460449219e-02
1.215195655822753906e-02
1.253890991210937500e-02
1.262235641479492188e-02
1.225996017456054688e-02
1.193857192993164062e-02
1.270127296447753906e-02
1.279282569885253906e-02
1.268172264099121094e-02
1.252198219299316406e-02
1.268291473388671875e-02
1.183724403381347656e-02
1.236534118652343750e-02
1.291251182556152344e-02
1.271152496337890625e-02
1.436996459960937500e-02
1.244330406188964844e-02
1.203417778015136719e-02
1.336240768432617188e-02
1.191616058349609375e-02
1.235890388488769531e-02
1.343512535095214844e-02
1.178908348083496094e-02
1.306676864624023438e-02
1.198124885559082031e-02
1.252889633178710938e-02
1.256203651428222656e-02
1.219701766967773438e-02
1.311659812927246094e-02
1.256895065307617188e-02
1.249074935913085938e-02
1.235222816467285156e-02
1.289153099060058594e-02
1.227021217346191406e-02
1.261281967163085938e-02
1.164436340332031250e-02
4.832744598388671875e-04
2.524852752685546875e-04
2.498626708984375000e-04
2.243518829345703125e-04
2.775192260742187500e-04
2.732276916503906250e-04
1.857280731201171875e-04
2.152919769287109375e-04
1.771450042724609375e-04
1.733303070068359375e-04
1.831054687500000000e-04
1.726150512695312500e-04
1.757144927978515625e-04
1.804828643798828125e-04
1.716613769531250000e-04
2.083778381347656250e-04
1.761913299560546875e-04
1.735687255859375000e-04
1.695156097412109375e-04
1.916885375976562500e-04
1.614093780517578125e-04
1.738071441650390625e-04
1.807212829589843750e-04
1.809597015380859375e-04
1.587867736816406250e-04
1.697540283203125000e-04
1.635551452636718750e-04
1.647472381591796875e-04
1.821517944335937500e-04
1.659393310546875000e-04
1.637935638427734375e-04
1.628398895263671875e-04
1.609325408935546875e-04
2.114772796630859375e-04
2.412796020507812500e-04
2.033710479736328125e-04
1.726150512695312500e-04
1.921653747558593750e-04
1.571178436279296875e-04
1.926422119140625000e-04
2.229213714599609375e-04
1.688003540039062500e-04
2.009868621826171875e-04
2.260208129882812500e-04
5.159378051757812500e-04
2.403259277343750000e-04
2.212524414062500000e-04
1.993179321289062500e-04
2.088546752929687500e-04
1.909732818603515625e-04
2.195835113525390625e-04
1.749992370605468750e-04
1.659393310546875000e-04
1.711845397949218750e-04
2.236366271972656250e-04
2.090930938720703125e-04
1.671314239501953125e-04
1.630783081054687500e-04
1.673698425292968750e-04
3.037452697753906250e-04
2.486705780029296875e-04
3.147125244140625000e-04
2.939701080322265625e-04
3.814697265625000000e-04
2.727508544921875000e-04
3.776550292968750000e-04
6.060600280761718750e-04
3.557205200195312500e-04
2.949237823486328125e-04
2.806186676025390625e-04
2.665519714355468750e-04
2.424716949462890625e-04
2.403259277343750000e-04
2.918243408203125000e-04
2.915859222412109375e-04
2.882480621337890625e-04
3.497600555419921875e-04
3.111362457275390625e-04
2.546310424804687500e-04
2.460479736328125000e-04
2.508163452148437500e-04
2.360343933105468750e-04
2.658367156982421875e-04
2.341270446777343750e-04
2.315044403076171875e-04
2.722740173339843750e-04
2.353191375732421875e-04
2.398490905761718750e-04
2.596378326416015625e-04
6.330013275146484375e-04
3.037452697753906250e-04
3.111362457275390625e-04
2.274513244628906250e-04
3.433227539062500000e-04
4.656314849853515625e-04
3.387928009033203125e-04
5.619525909423828125e-04
5.075931549072265625e-04
2.150535583496093750e-04
2.107620239257812500e-04
1.997947692871093750e-04
1.943111419677734375e-04
1.885890960693359375e-04
1.931190490722656250e-04
1.790523529052734375e-04
1.883506774902343750e-04
1.847743988037109375e-04
1.912117004394531250e-04
1.921653747558593750e-04
1.895427703857421875e-04
1.845359802246093750e-04
1.752376556396484375e-04
1.826286315917968750e-04
2.064704895019531250e-04
2.081394195556640625e-04
2.934932708740234375e-04
2.737045288085937500e-04
2.689361572265625000e-04
2.841949462890625000e-04
4.920959472656250000e-04
2.183914184570312500e-04
1.788139343261718750e-04
1.792907714843750000e-04
1.890659332275390625e-04
1.826286315917968750e-04
1.924037933349609375e-04
2.191066741943359375e-04
2.000331878662109375e-04
1.692771911621093750e-04
1.728534698486328125e-04
1.714229583740234375e-04
2.121925354003906250e-04
3.237724304199218750e-04
4.081726074218750000e-04
2.541542053222656250e-04
2.131462097167968750e-04
2.248287200927734375e-04
2.033710479736328125e-04
2.183914184570312500e-04
2.067089080810546875e-04
1.986026763916015625e-04
2.012252807617187500e-04
1.924037933349609375e-04
1.885890960693359375e-04
1.988410949707031250e-04
1.971721649169921875e-04
2.698898315429687500e-04
2.217292785644531250e-04
1.895427703857421875e-04
2.017021179199218750e-04
1.657009124755859375e-04
1.647472381591796875e-04
1.630783081054687500e-04
1.642704010009765625e-04
1.726150512695312500e-04
1.721382141113281250e-04
2.980232238769531250e-04
3.149509429931640625e-04
1.745223999023437500e-04
1.647472381591796875e-04
1.649856567382812500e-04
1.647472381591796875e-04
1.637935638427734375e-04
1.635551452636718750e-04
1.635551452636718750e-04
1.699924468994140625e-04
1.590251922607421875e-04
1.637935638427734375e-04
1.597404479980468750e-04
1.604557037353515625e-04
1.642704010009765625e-04
1.635551452636718750e-04
1.611709594726562500e-04
1.609325408935546875e-04
1.602172851562500000e-04
1.673698425292968750e-04
1.988410949707031250e-04
2.143383026123046875e-04
2.503395080566406250e-04
2.138614654541015625e-04
2.241134643554687500e-04
2.450942993164062500e-04
1.893043518066406250e-04
1.695156097412109375e-04
1.611709594726562500e-04
1.661777496337890625e-04
1.657009124755859375e-04
1.616477966308593750e-04
2.176761627197265625e-04
2.546310424804687500e-04
2.121925354003906250e-04
2.331733703613281250e-04
6.825923919677734375e-04
1.217365264892578125e-03
1.569271087646484375e-03
5.779266357421875000e-04
4.198551177978515625e-04
3.435611724853515625e-04
3.130435943603515625e-04
2.911090850830078125e-04
5.412101745605468750e-04
3.547668457031250000e-04
3.030300140380859375e-04
2.942085266113281250e-04
2.796649932861328125e-04
3.297328948974609375e-04
2.958774566650390625e-04
3.087520599365234375e-04
2.815723419189453125e-04
2.951622009277343750e-04
2.713203430175781250e-04
2.741813659667968750e-04
6.110668182373046875e-04
4.947185516357421875e-04
3.519058227539062500e-04
3.829002380371093750e-04
3.013610839843750000e-04
4.167556762695312500e-04
5.800724029541015625e-04
1.969337463378906250e-04
1.804828643798828125e-04
1.709461212158203125e-04
1.862049102783203125e-04
2.708435058593750000e-04
1.909732818603515625e-04
1.707077026367187500e-04
1.564025878906250000e-04
1.778602600097656250e-04
1.428127288818359375e-04
1.442432403564453125e-04
1.857280731201171875e-04
1.461505889892578125e-04
1.480579376220703125e-04
1.549720764160156250e-04
1.482963562011718750e-04
1.752376556396484375e-04
1.497268676757812500e-04
1.497268676757812500e-04
1.740455627441406250e-04
1.530647277832031250e-04
1.530647277832031250e-04
1.864433288574218750e-04
1.480579376220703125e-04
1.475811004638671875e-04
1.487731933593750000e-04
1.523494720458984375e-04
1.482963562011718750e-04
1.468658447265625000e-04
1.642704010009765625e-04
1.921653747558593750e-04
2.052783966064453125e-04
1.590251922607421875e-04
1.609325408935546875e-04
1.993179321289062500e-04
2.746582031250000000e-04
4.901885986328125000e-04
2.071857452392578125e-04
1.671314239501953125e-04
1.664161682128906250e-04
1.609325408935546875e-04
1.842975616455078125e-04
1.676082611083984375e-04
1.549720764160156250e-04
1.859664916992187500e-04
1.788139343261718750e-04
1.554489135742187500e-04
1.506805419921875000e-04
1.599788665771484375e-04
1.554489135742187500e-04
1.642704010009765625e-04
1.482963562011718750e-04
1.456737518310546875e-04
1.473426818847656250e-04
1.459121704101562500e-04
1.499652862548828125e-04
1.482963562011718750e-04
1.716613769531250000e-04
1.509189605712890625e-04
1.528263092041015625e-04
4.479885101318359375e-04
3.116130828857421875e-04
4.732608795166015625e-04
3.867149353027343750e-04
1.707077026367187500e-04
1.714229583740234375e-04
2.050399780273437500e-04
1.785755157470703125e-04
1.914501190185546875e-04
1.790523529052734375e-04
1.807212829589843750e-04
1.657009124755859375e-04
1.652240753173828125e-04
1.771450042724609375e-04
1.623630523681640625e-04
1.618862152099609375e-04
1.699924468994140625e-04
1.673698425292968750e-04
1.640319824218750000e-04
1.633167266845703125e-04
1.611709594726562500e-04
1.733303070068359375e-04
1.752376556396484375e-04
1.523494720458984375e-04
1.575946807861328125e-04
1.509189605712890625e-04
1.573562622070312500e-04
1.511573791503906250e-04
1.544952392578125000e-04
1.471042633056640625e-04
1.475811004638671875e-04
1.494884490966796875e-04
1.537799835205078125e-04
1.676082611083984375e-04
1.592636108398437500e-04
1.811981201171875000e-04
1.688003540039062500e-04
1.544952392578125000e-04
1.535415649414062500e-04
1.809597015380859375e-04
1.595020294189453125e-04
1.518726348876953125e-04
1.480579376220703125e-04
1.873970031738281250e-04
1.556873321533203125e-04
1.788139343261718750e-04
1.909732818603515625e-04
1.640319824218750000e-04
1.933574676513671875e-04
1.685619354248046875e-04
1.971721649169921875e-04
1.626014709472656250e-04
1.840591430664062500e-04
2.110004425048828125e-04
1.943111419677734375e-04
1.914501190185546875e-04
6.124973297119140625e-04
3.128051757812500000e-04
3.745555877685546875e-04
4.842281341552734375e-04
3.840923309326171875e-04
3.333091735839843750e-04
4.339218139648437500e-04
9.398460388183593750e-04
1.256465911865234375e-03
4.298686981201171875e-04
3.540515899658203125e-04
2.818107604980468750e-04
2.751350402832031250e-04
2.787113189697265625e-04
3.638267517089843750e-04
3.244876861572265625e-04
3.039836883544921875e-04
2.622604370117187500e-04
2.889633178710937500e-04
3.416538238525390625e-04
2.177953720092773438e-03
1.243853569030761719e-02
1.281261444091796875e-02
1.280951499938964844e-02
1.209688186645507812e-02
1.295018196105957031e-02
1.294851303100585938e-02
1.217103004455566406e-02
1.278901100158691406e-02
1.254367828369140625e-02
1.153731346130371094e-02
1.293849945068359375e-02
1.296305656433105469e-02
1.283216476440429688e-02
1.201415061950683594e-02
1.233625411987304688e-02
1.274824142456054688e-02
1.217579841613769531e-02
1.198983192443847656e-02
1.244187355041503906e-02
1.246738433837890625e-02
1.353812217712402344e-02
1.277494430541992188e-02
1.227283477783203125e-02
1.276254653930664062e-02
1.237392425537109375e-02
1.407647132873535156e-02
1.229286193847656250e-02
1.232314109802246094e-02
1.286220550537109375e-02
1.188731193542480469e-02
1.229619979858398438e-02
1.253437995910644531e-02
1.136946678161621094e-02
1.418519020080566406e-02
1.296544075012207031e-02
1.249408721923828125e-02
1.328778266906738281e-02
1.303672790527343750e-02
1.237392425537109375e-02
1.207900047302246094e-02
1.160502433776855469e-02
1.306033134460449219e-02
1.156353950500488281e-02
1.204037666320800781e-02
1.315021514892578125e-02
1.241898536682128906e-02
1.228618621826171875e-02
1.239871978759765625e-02
1.279735565185546875e-02
1.390171051025390625e-02
1.254034042358398438e-02
1.249027252197265625e-02
1.626610755920410156e-02
1.198768615722656250e-02
1.231193542480468750e-02
1.218199729919433594e-02
1.211881637573242188e-02
1.291108131408691406e-02
1.220345497131347656e-02
1.216149330139160156e-02
1.254796981811523438e-02
1.159262657165527344e-02
2.577304840087890625e-04
1.876354217529296875e-04
1.761913299560546875e-04
1.764297485351562500e-04
3.130435943603515625e-04
3.125667572021484375e-04
1.468658447265625000e-04
1.571178436279296875e-04
1.320838928222656250e-04
1.320838928222656250e-04
1.335144042968750000e-04
1.347064971923828125e-04
1.380443572998046875e-04
1.280307769775390625e-04
1.285076141357421875e-04
1.270771026611328125e-04
1.268386840820312500e-04
1.301765441894531250e-04
1.289844512939453125e-04
1.306533813476562500e-04
1.633167266845703125e-04
1.788139343261718750e-04
1.718997955322265625e-04
1.685619354248046875e-04
1.969337463378906250e-04
1.657009124755859375e-04
1.900196075439453125e-04
1.711845397949218750e-04
1.685619354248046875e-04
2.021789550781250000e-04
1.637935638427734375e-04
1.585483551025390625e-04
1.788139343261718750e-04
1.838207244873046875e-04
2.028942108154296875e-04
1.897811889648437500e-04
2.057552337646484375e-04
1.974105834960937500e-04
2.114772796630859375e-04
1.742839813232421875e-04
1.938343048095703125e-04
1.947879791259765625e-04
2.238750457763671875e-04
1.895427703857421875e-04
2.145767211914062500e-04
2.005100250244140625e-04
1.804828643798828125e-04
1.740455627441406250e-04
1.916885375976562500e-04
1.888275146484375000e-04
2.152919769287109375e-04
1.723766326904296875e-04
1.971721649169921875e-04
4.346370697021484375e-04
2.634525299072265625e-04
2.119541168212890625e-04
2.257823944091796875e-04
2.131462097167968750e-04
2.274513244628906250e-04
2.753734588623046875e-04
2.055168151855468750e-04
1.678466796875000000e-04
2.138614654541015625e-04
1.590251922607421875e-04
1.585483551025390625e-04
1.661777496337890625e-04
1.907348632812500000e-04
1.623630523681640625e-04
1.647472381591796875e-04
2.188682556152343750e-04
1.595020294189453125e-04
1.356601715087890625e-04
1.876354217529296875e-04
1.809597015380859375e-04
1.630783081054687500e-04
1.749992370605468750e-04
2.000331878662109375e-04
1.723766326904296875e-04
1.685619354248046875e-04
1.654624938964843750e-04
1.726150512695312500e-04
1.564025878906250000e-04
1.494884490966796875e-04
1.549720764160156250e-04
1.618862152099609375e-04
1.456737518310546875e-04
1.540184020996093750e-04
1.325607299804687500e-04
1.530647277832031250e-04
1.556873321533203125e-04
1.578330993652343750e-04
1.494884490966796875e-04
1.506805419921875000e-04
1.742839813232421875e-04
1.637935638427734375e-04
1.494884490966796875e-04
1.716613769531250000e-04
1.640319824218750000e-04
1.575946807861328125e-04
1.590251922607421875e-04
1.554489135742187500e-04
1.554489135742187500e-04
1.485347747802734375e-04
1.649856567382812500e-04
1.568794250488281250e-04
1.523494720458984375e-04
1.616477966308593750e-04
1.554489135742187500e-04
1.416206359863281250e-04
1.518726348876953125e-04
1.568794250488281250e-04
1.544952392578125000e-04
1.530647277832031250e-04
1.611709594726562500e-04
1.642704010009765625e-04
1.647472381591796875e-04
1.387596130371093750e-04
1.819133758544921875e-04
5.054473876953125000e-04
2.617835998535156250e-04
2.911090850830078125e-04
1.895427703857421875e-04
1.372098922729492188e-03
7.004737854003906250e-04
3.554821014404296875e-04
5.071163177490234375e-04
3.821849822998046875e-04
3.209114074707031250e-04
2.830028533935546875e-04
2.753734588623046875e-04
2.517700195312500000e-04
3.561973571777343750e-04
2.641677856445312500e-04
2.980232238769531250e-04
2.150535583496093750e-04
2.331733703613281250e-04
2.343654632568359375e-04
2.641677856445312500e-04
2.198219299316406250e-04
2.539157867431640625e-04
2.403259277343750000e-04
2.076625823974609375e-04
2.470016479492187500e-04
2.937316894531250000e-04
4.537105560302734375e-04
2.546310424804687500e-04
2.479553222656250000e-04
2.019405364990234375e-04
2.119302749633789062e-03
1.240372657775878906e-02
1.279330253601074219e-02
1.183199882507324219e-02
1.266455650329589844e-02
1.264929771423339844e-02
1.211595535278320312e-02
1.243996620178222656e-02
1.166367530822753906e-02
1.143932342529296875e-02
1.194095611572265625e-02
1.248455047607421875e-02
1.341247558593750000e-02
1.179337501525878906e-02
1.223587989807128906e-02
1.365423202514648438e-02
1.359724998474121094e-02
1.291227340698242188e-02
1.183342933654785156e-02
1.200604438781738281e-02
1.351237297058105469e-02
1.197862625122070312e-02
3.461837768554687500e-04
2.639293670654296875e-04
2.403259277343750000e-04
2.443790435791015625e-04
2.605915069580078125e-04
2.164840698242187500e-04
2.133846282958984375e-04
2.081394195556640625e-04
2.102851867675781250e-04
2.112388610839843750e-04
2.648830413818359375e-04
2.000331878662109375e-04
1.997947692871093750e-04
2.076625823974609375e-04
1.938343048095703125e-04
2.048015594482421875e-04
1.935958862304687500e-04
1.897811889648437500e-04
1.924037933349609375e-04
2.110004425048828125e-04
1.921653747558593750e-04
1.943111419677734375e-04
1.907348632812500000e-04
2.012252807617187500e-04
1.945495605468750000e-04
1.952648162841796875e-04
1.902580261230468750e-04
1.962184906005859375e-04
1.916885375976562500e-04
1.969337463378906250e-04
3.457069396972656250e-04
2.713203430175781250e-04
2.272129058837890625e-04
2.102851867675781250e-04
2.036094665527343750e-04
1.916885375976562500e-04
1.935958862304687500e-04
1.916885375976562500e-04
1.933574676513671875e-04
1.947879791259765625e-04
1.928806304931640625e-04
2.248287200927734375e-04
1.869201660156250000e-04
1.907348632812500000e-04
1.883506774902343750e-04
1.871585845947265625e-04
1.952648162841796875e-04
1.819133758544921875e-04
2.861022949218750000e-04
2.040863037109375000e-04
1.931190490722656250e-04
1.983642578125000000e-04
2.663135528564453125e-04
2.253055572509765625e-04
2.226829528808593750e-04
1.883506774902343750e-04
1.838207244873046875e-04
1.909732818603515625e-04
1.819133758544921875e-04
1.814365386962890625e-04
1.671314239501953125e-04
1.780986785888671875e-04
1.921653747558593750e-04
1.816749572753906250e-04
1.742839813232421875e-04
1.718997955322265625e-04
1.778602600097656250e-04
1.647472381591796875e-04
1.692771911621093750e-04
1.697540283203125000e-04
1.993179321289062500e-04
1.709461212158203125e-04
1.733303070068359375e-04
1.823902130126953125e-04
1.740455627441406250e-04
2.820491790771484375e-04
1.912117004394531250e-04
1.718997955322265625e-04
1.804828643798828125e-04
1.780986785888671875e-04
1.754760742187500000e-04
1.735687255859375000e-04
1.769065856933593750e-04
1.795291900634765625e-04
1.718997955322265625e-04
1.661777496337890625e-04
1.704692840576171875e-04
1.890659332275390625e-04
1.754760742187500000e-04
1.742839813232421875e-04
1.690387725830078125e-04
1.645088195800781250e-04
2.195835113525390625e-04
1.754760742187500000e-04
1.950263977050781250e-04
1.699924468994140625e-04
1.697540283203125000e-04
1.797676086425781250e-04
1.974105834960937500e-04
2.098083496093750000e-04
1.997947692871093750e-04
2.591609954833984375e-04
2.214908599853515625e-04
2.892017364501953125e-04
5.414485931396484375e-04
5.047321319580078125e-04
4.689693450927734375e-04
6.034374237060546875e-04
4.539489746093750000e-04
4.310607910156250000e-04
2.658367156982421875e-04
2.458095550537109375e-04
1.971721649169921875e-04
2.298355102539062500e-04
2.143383026123046875e-04
2.281665802001953125e-04
1.952648162841796875e-04
2.126693725585937500e-04
2.126693725585937500e-04
2.033710479736328125e-04
1.857280731201171875e-04
2.250671386718750000e-04
2.117156982421875000e-04
2.257823944091796875e-04
2.079010009765625000e-04
2.090930938720703125e-04
2.026557922363281250e-04
1.947879791259765625e-04
2.384185791015625000e-04
2.090930938720703125e-04
1.849889755249023438e-03
2.727508544921875000e-04
2.596378326416015625e-04
2.632141113281250000e-04
2.367496490478515625e-04
2.007484436035156250e-04
4.341602325439453125e-04
2.079010009765625000e-04
2.429485321044921875e-04
2.183914184570312500e-04
2.899169921875000000e-04
2.107620239257812500e-04
3.175735473632812500e-04
2.453327178955078125e-04
3.759860992431640625e-04
1.912117004394531250e-04
2.186298370361328125e-04
2.114772796630859375e-04
1.916885375976562500e-04
1.757144927978515625e-04
2.069473266601562500e-04
1.747608184814453125e-04
1.740455627441406250e-04
1.807212829589843750e-04
1.828670501708984375e-04
1.869201660156250000e-04
2.045631408691406250e-04
1.921653747558593750e-04
1.783370971679687500e-04
1.764297485351562500e-04
1.840591430664062500e-04
1.926422119140625000e-04
2.028942108154296875e-04
2.193450927734375000e-04
1.678466796875000000e-04
1.664161682128906250e-04
1.688003540039062500e-04
1.659393310546875000e-04
1.814365386962890625e-04
5.929470062255859375e-04
2.355575561523437500e-04
1.647472381591796875e-04
1.661777496337890625e-04
1.697540283203125000e-04
1.695156097412109375e-04
1.626014709472656250e-04
1.626014709472656250e-04
1.642704010009765625e-04
1.566410064697265625e-04
1.671314239501953125e-04
1.671314239501953125e-04
1.664161682128906250e-04
1.673698425292968750e-04
1.626014709472656250e-04
1.726150512695312500e-04
1.566410064697265625e-04
2.098083496093750000e-04
1.711845397949218750e-04
1.745223999023437500e-04
1.740455627441406250e-04
1.804828643798828125e-04
1.971721649169921875e-04
1.692771911621093750e-04
1.637935638427734375e-04
1.709461212158203125e-04
1.633167266845703125e-04
1.664161682128906250e-04
1.642704010009765625e-04
1.657009124755859375e-04
2.062320709228515625e-04
2.043247222900390625e-04
1.571178436279296875e-04
1.528263092041015625e-04
1.490116119384765625e-04
1.571178436279296875e-04
1.485347747802734375e-04
1.471042633056640625e-04
1.513957977294921875e-04
1.502037048339843750e-04
1.475811004638671875e-04
1.475811004638671875e-04
1.463890075683593750e-04
1.461505889892578125e-04
1.490116119384765625e-04
1.492500305175781250e-04
1.645088195800781250e-04
1.509189605712890625e-04
1.492500305175781250e-04
1.482963562011718750e-04
1.509189605712890625e-04
1.533031463623046875e-04
1.473426818847656250e-04
1.773834228515625000e-04
1.840591430664062500e-04
1.592636108398437500e-04
1.699924468994140625e-04
2.298355102539062500e-04
1.933574676513671875e-04
2.222061157226562500e-04
2.164840698242187500e-04
2.069473266601562500e-04
2.007484436035156250e-04
1.771450042724609375e-04
4.203319549560546875e-04
3.519058227539062500e-04
2.248287200927734375e-04
1.900196075439453125e-04
2.319812774658203125e-04
2.002716064453125000e-04
2.112388610839843750e-04
2.069473266601562500e-04
2.889633178710937500e-04
1.964569091796875000e-04
1.721382141113281250e-04
1.630783081054687500e-04
1.749992370605468750e-04
1.895427703857421875e-04
2.605915069580078125e-04
1.852512359619140625e-04
1.828670501708984375e-04
2.088546752929687500e-04
1.802444458007812500e-04
2.098083496093750000e-04
1.771450042724609375e-04
1.831054687500000000e-04
1.854896545410156250e-04
1.702308654785156250e-04
2.958774566650390625e-04
1.986026763916015625e-04
2.136230468750000000e-04
1.773834228515625000e-04
1.711845397949218750e-04
2.043247222900390625e-04
1.871585845947265625e-04
1.838207244873046875e-04
1.838207244873046875e-04
1.819133758544921875e-04
1.745223999023437500e-04
1.759529113769531250e-04
1.730918884277343750e-04
2.715587615966796875e-04
2.725124359130859375e-04
2.207756042480468750e-04
2.629756927490234375e-04
1.574993133544921875e-03
5.283355712890625000e-04
3.867149353027343750e-04
3.914833068847656250e-04
3.337860107421875000e-04
2.868175506591796875e-04
3.206729888916015625e-04
4.978179931640625000e-04
4.272460937500000000e-04
3.798007965087890625e-04
2.937316894531250000e-04
2.741813659667968750e-04
3.044605255126953125e-04
2.679824829101562500e-04
2.608299255371093750e-04
2.748966217041015625e-04
2.636909484863281250e-04
2.796649932861328125e-04
2.517700195312500000e-04
2.560615539550781250e-04
2.715587615966796875e-04
2.110004425048828125e-04
1.609325408935546875e-04
1.890659332275390625e-04
1.707077026367187500e-04
1.819133758544921875e-04
1.771450042724609375e-04
1.716613769531250000e-04
1.575946807861328125e-04
2.973079681396484375e-04
1.815795898437500000e-03
1.223182678222656250e-02
1.297235488891601562e-02
1.243472099304199219e-02
1.204013824462890625e-02
1.183223724365234375e-02
1.216912269592285156e-02
1.273417472839355469e-02
1.215219497680664062e-02
1.213049888610839844e-02
1.232933998107910156e-02
1.222085952758789062e-02
1.326656341552734375e-02
1.154208183288574219e-02
1.220321655273437500e-02
1.352167129516601562e-02
1.183509826660156250e-02
2.906322479248046875e-04
2.031326293945312500e-04
1.947879791259765625e-04
1.878738403320312500e-04
1.862049102783203125e-04
1.924037933349609375e-04
1.697540283203125000e-04
1.633167266845703125e-04
1.618862152099609375e-04
1.566410064697265625e-04
1.692771911621093750e-04
1.494884490966796875e-04
1.525878906250000000e-04
1.671314239501953125e-04
1.661777496337890625e-04
1.902580261230468750e-04
1.533031463623046875e-04
1.504421234130859375e-04
1.778602600097656250e-04
1.487731933593750000e-04
1.482963562011718750e-04
1.773834228515625000e-04
1.497268676757812500e-04
1.556873321533203125e-04
1.754760742187500000e-04
1.497268676757812500e-04
1.490116119384765625e-04
1.754760742187500000e-04
1.444816589355468750e-04
1.485347747802734375e-04
1.564025878906250000e-04
1.709461212158203125e-04
1.459121704101562500e-04
1.456737518310546875e-04
1.449584960937500000e-04
1.692771911621093750e-04
1.499652862548828125e-04
1.478195190429687500e-04
1.404285430908203125e-04
2.324581146240234375e-04
3.621578216552734375e-04
1.714229583740234375e-04
1.580715179443359375e-04
1.649856567382812500e-04
1.707077026367187500e-04
1.475811004638671875e-04
1.480579376220703125e-04
1.411437988281250000e-04
1.447200775146484375e-04
4.620552062988281250e-04
2.093315124511718750e-04
1.542568206787109375e-04
2.331733703613281250e-04
2.772808074951171875e-04
5.576610565185546875e-04
2.498626708984375000e-04
2.529621124267578125e-04
2.210140228271484375e-04
1.742839813232421875e-04
1.718997955322265625e-04
1.704692840576171875e-04
1.709461212158203125e-04
1.726150512695312500e-04
1.707077026367187500e-04
1.864433288574218750e-04
1.828670501708984375e-04
1.676082611083984375e-04
1.776218414306640625e-04
1.742839813232421875e-04
1.709461212158203125e-04
1.633167266845703125e-04
1.618862152099609375e-04
1.618862152099609375e-04
1.623630523681640625e-04
1.623630523681640625e-04
1.666545867919921875e-04
1.568794250488281250e-04
1.561641693115234375e-04
2.236366271972656250e-04
1.876354217529296875e-04
2.086162567138671875e-04
2.038478851318359375e-04
4.887580871582031250e-04
2.605915069580078125e-04
3.259181976318359375e-04
3.011226654052734375e-04
2.136230468750000000e-04
1.807212829589843750e-04
3.280639648437500000e-04
3.075599670410156250e-04
4.172325134277343750e-04
4.816055297851562500e-04
4.999637603759765625e-04
6.322860717773437500e-04
4.234313964843750000e-04
3.547668457031250000e-04
3.535747528076171875e-04
2.837181091308593750e-04
5.576610565185546875e-04
4.513263702392578125e-04
3.404617309570312500e-04
3.099441528320312500e-04
2.877712249755859375e-04
2.808570861816406250e-04
2.942085266113281250e-04
3.278255462646484375e-04
3.466606140136718750e-04
3.285408020019531250e-04
2.720355987548828125e-04
2.558231353759765625e-04
2.691745758056640625e-04
2.291202545166015625e-04
2.375602722167968750e-03
1.217412948608398438e-02
1.410388946533203125e-02
1.202964782714843750e-02
3.113746643066406250e-04
1.869201660156250000e-04
1.764297485351562500e-04
1.490116119384765625e-04
1.373291015625000000e-04
1.640319824218750000e-04
1.397132873535156250e-04
1.285076141357421875e-04
1.282691955566406250e-04
1.530647277832031250e-04
1.304149627685546875e-04
1.268386840820312500e-04
1.406669616699218750e-04
1.397132873535156250e-04
1.318454742431640625e-04
1.358985900878906250e-04
1.237392425537109375e-04
1.273155212402343750e-04
1.559257507324218750e-04
1.256465911865234375e-04
1.249313354492187500e-04
1.235008239746093750e-04
1.263618469238281250e-04
1.504421234130859375e-04
2.045631408691406250e-04
1.392364501953125000e-04
1.258850097656250000e-04
1.261234283447265625e-04
1.435279846191406250e-04
1.299381256103515625e-04
1.251697540283203125e-04
2.570152282714843750e-04
1.368522644042968750e-04
1.726150512695312500e-04
1.366138458251953125e-04
1.621246337890625000e-04
1.330375671386718750e-04
1.316070556640625000e-04
1.344680786132812500e-04
1.261234283447265625e-04
1.256465911865234375e-04
1.459121704101562500e-04
1.370906829833984375e-04
1.285076141357421875e-04
1.289844512939453125e-04
1.320838928222656250e-04
1.263618469238281250e-04
1.256465911865234375e-04
1.611709594726562500e-04
1.370906829833984375e-04
1.280307769775390625e-04
1.246929168701171875e-04
1.261234283447265625e-04
1.277923583984375000e-04
1.416206359863281250e-04
1.554489135742187500e-04
1.356601715087890625e-04
1.878738403320312500e-04
1.540184020996093750e-04
4.982948303222656250e-04
1.842975616455078125e-04
1.578330993652343750e-04
1.626014709472656250e-04
1.492500305175781250e-04
1.597404479980468750e-04
1.518726348876953125e-04
1.912117004394531250e-04
1.466274261474609375e-04
1.409053802490234375e-04
1.742839813232421875e-04
1.399517059326171875e-04
2.524852752685546875e-04
2.574920654296875000e-04
1.859664916992187500e-04
2.429485321044921875e-04
2.105236053466796875e-04
2.021789550781250000e-04
1.916885375976562500e-04
1.769065856933593750e-04
1.978874206542968750e-04
1.513957977294921875e-04
1.907348632812500000e-04
2.071857452392578125e-04
1.659393310546875000e-04
1.940727233886718750e-04
1.773834228515625000e-04
1.640319824218750000e-04
1.718997955322265625e-04
1.795291900634765625e-04
1.704692840576171875e-04
1.692771911621093750e-04
1.823902130126953125e-04
2.191066741943359375e-04
3.330707550048828125e-04
2.577304840087890625e-04
2.567768096923828125e-04
2.501010894775390625e-04
3.674030303955078125e-04
3.921985626220703125e-04
2.059936523437500000e-04
1.745223999023437500e-04
1.661777496337890625e-04
1.749992370605468750e-04
2.388954162597656250e-04
1.778602600097656250e-04
1.728534698486328125e-04
1.685619354248046875e-04
1.757144927978515625e-04
1.566410064697265625e-04
1.487731933593750000e-04
1.595020294189453125e-04
1.683235168457031250e-04
1.931190490722656250e-04
2.067089080810546875e-04
2.024173736572265625e-04
2.236366271972656250e-04
2.069473266601562500e-04
4.384517669677734375e-04
3.736019134521484375e-04
4.343986511230468750e-04
3.883838653564453125e-04
4.003047943115234375e-04
3.440380096435546875e-04
6.701946258544921875e-04
4.086494445800781250e-04
3.147125244140625000e-04
2.408027648925781250e-04
2.424716949462890625e-04
5.745887756347656250e-04
2.996921539306640625e-04
2.479553222656250000e-04
2.532005310058593750e-04
2.331733703613281250e-04
2.710819244384765625e-04
2.696514129638671875e-04
2.448558807373046875e-04
2.353191375732421875e-04
2.396106719970703125e-04
2.353191375732421875e-04
2.031326293945312500e-04
3.938674926757812500e-04
1.838922500610351562e-03
1.218438148498535156e-02
1.188993453979492188e-02
1.144528388977050781e-02
1.244878768920898438e-02
1.252865791320800781e-02
1.213574409484863281e-02
1.245784759521484375e-02
1.197290420532226562e-02
1.174044609069824219e-02
1.371860504150390625e-02
1.240110397338867188e-02
1.272654533386230469e-02
1.236629486083984375e-02
1.220607757568359375e-02
1.221585273742675781e-02
1.254415512084960938e-02
1.261043548583984375e-02
1.256227493286132812e-02
1.333117485046386719e-02
1.239371299743652344e-02
1.294708251953125000e-02
1.230716705322265625e-02
1.276898384094238281e-02
1.272296905517578125e-02
1.185894012451171875e-02
1.332974433898925781e-02
1.301574707031250000e-02
1.230072975158691406e-02
1.269555091857910156e-02
1.196694374084472656e-02
1.202273368835449219e-02
1.284122467041015625e-02
1.183414459228515625e-02
1.304697990417480469e-02
1.283073425292968750e-02
1.250815391540527344e-02
1.184606552124023438e-02
1.218891143798828125e-02
1.242899894714355469e-02
1.278305053710937500e-02
1.166224479675292969e-02
1.240658760070800781e-02
1.246118545532226562e-02
1.222395896911621094e-02
1.511120796203613281e-02
1.287984848022460938e-02
1.358056068420410156e-02
1.306033134460449219e-02
1.200723648071289062e-02
1.233935356140136719e-02
1.331472396850585938e-02
1.278591156005859375e-02
1.345682144165039062e-02
1.168131828308105469e-02
1.261711120605468750e-02
1.242637634277343750e-02
1.198601722717285156e-02
1.201629638671875000e-02
1.286435127258300781e-02
1.204514503479003906e-02
1.229929924011230469e-02
1.243185997009277344e-02
1.333570480346679688e-02
1.183915138244628906e-02
1.206016540527343750e-02
1.162266731262207031e-02
1.254391670227050781e-02
1.239800453186035156e-02
1.353549957275390625e-02
1.310563087463378906e-02
1.252031326293945312e-02
1.394152641296386719e-02
1.223421096801757812e-02
1.155304908752441406e-02
1.294898986816406250e-02
1.257824897766113281e-02
1.256728172302246094e-02
1.374983787536621094e-02
1.186013221740722656e-02
1.283407211303710938e-02
1.261925697326660156e-02
1.243376731872558594e-02
1.142859458923339844e-02
3.824234008789062500e-04
3.056526184082031250e-04
1.852512359619140625e-04
1.718997955322265625e-04
1.840591430664062500e-04
1.788139343261718750e-04
1.771450042724609375e-04
1.771450042724609375e-04
1.714229583740234375e-04
1.754760742187500000e-04
1.757144927978515625e-04
1.840591430664062500e-04
1.769065856933593750e-04
1.623630523681640625e-04
1.721382141113281250e-04
3.142356872558593750e-04
2.522468566894531250e-04
2.210140228271484375e-04
2.000331878662109375e-04
2.002716064453125000e-04
1.878738403320312500e-04
2.336502075195312500e-04
1.790523529052734375e-04
1.878738403320312500e-04
1.847743988037109375e-04
1.878738403320312500e-04
1.714229583740234375e-04
1.745223999023437500e-04
1.795291900634765625e-04
1.773834228515625000e-04
1.647472381591796875e-04
1.668930053710937500e-04
1.800060272216796875e-04
1.735687255859375000e-04
1.792907714843750000e-04
1.850128173828125000e-04
1.785755157470703125e-04
1.783370971679687500e-04
2.186298370361328125e-04
2.131462097167968750e-04
1.838207244873046875e-04
1.969337463378906250e-04
1.707077026367187500e-04
1.692771911621093750e-04
1.723766326904296875e-04
1.707077026367187500e-04
1.971721649169921875e-04
1.659393310546875000e-04
1.649856567382812500e-04
1.707077026367187500e-04
1.699924468994140625e-04
1.666545867919921875e-04
2.005100250244140625e-04
1.726150512695312500e-04
1.690387725830078125e-04
2.491474151611328125e-04
1.831054687500000000e-04
2.219676971435546875e-04
2.069473266601562500e-04
2.090930938720703125e-04
1.819133758544921875e-04
1.859664916992187500e-04
2.882480621337890625e-04
2.162456512451171875e-04
1.978874206542968750e-04
3.149509429931640625e-04
4.436969757080078125e-04
5.121231079101562500e-04
3.483295440673828125e-04
2.896785736083984375e-04
2.422332763671875000e-04
2.043247222900390625e-04
2.543926239013671875e-04
2.114772796630859375e-04
2.095699310302734375e-04
2.214908599853515625e-04
1.912117004394531250e-04
1.919269561767578125e-04
1.919269561767578125e-04
1.890659332275390625e-04
1.809597015380859375e-04
1.959800720214843750e-04
1.904964447021484375e-04
1.978874206542968750e-04
2.026557922363281250e-04
1.835823059082031250e-04
2.822875976562500000e-04
3.001689910888671875e-04
2.810955047607421875e-04
2.682209014892578125e-04
2.635002136230468750e-03
4.189014434814453125e-04
7.474422454833984375e-04
4.699230194091796875e-04
5.383491516113281250e-04
5.996227264404296875e-04
4.580020904541015625e-04
5.483627319335937500e-04
4.920959472656250000e-04
4.768371582031250000e-04
2.589225769042968750e-04
8.168220520019531250e-04
3.066062927246093750e-04
2.742052078247070312e-03
1.233696937561035156e-02
1.259827613830566406e-02
1.292777061462402344e-02
1.225399971008300781e-02
1.241612434387207031e-02
6.434917449951171875e-04
4.029273986816406250e-04
3.116130828857421875e-04
2.174377441406250000e-04
1.962184906005859375e-04
2.062320709228515625e-04
4.215240478515625000e-04
2.458095550537109375e-04
2.281665802001953125e-04
2.017021179199218750e-04
2.760887145996093750e-04
2.079010009765625000e-04
5.817413330078125000e-04
3.199577331542968750e-04
2.219676971435546875e-04
2.403259277343750000e-04
1.907348632812500000e-04
2.274513244628906250e-04
1.969337463378906250e-04
1.943111419677734375e-04
1.630783081054687500e-04
2.839565277099609375e-04
4.487037658691406250e-04
2.017021179199218750e-04
2.069473266601562500e-04
1.747608184814453125e-04
1.831054687500000000e-04
2.031326293945312500e-04
1.671314239501953125e-04
1.735687255859375000e-04
1.749992370605468750e-04
1.795291900634765625e-04
1.738071441650390625e-04
3.151893615722656250e-04
2.148151397705078125e-04
1.790523529052734375e-04
2.219676971435546875e-04
1.790523529052734375e-04
2.243518829345703125e-04
1.797676086425781250e-04
1.871585845947265625e-04
1.988410949707031250e-04
1.652240753173828125e-04
1.735687255859375000e-04
1.890659332275390625e-04
1.895427703857421875e-04
1.683235168457031250e-04
1.833438873291015625e-04
1.690387725830078125e-04
1.900196075439453125e-04
1.633167266845703125e-04
1.740455627441406250e-04
1.771450042724609375e-04
1.921653747558593750e-04
1.835823059082031250e-04
2.293586730957031250e-04
1.692771911621093750e-04
1.749992370605468750e-04
1.943111419677734375e-04
1.733303070068359375e-04
1.840591430664062500e-04
1.983642578125000000e-04
1.935958862304687500e-04
1.931190490722656250e-04
1.878738403320312500e-04
1.788139343261718750e-04
2.551078796386718750e-04
2.202987670898437500e-04
1.807212829589843750e-04
2.171993255615234375e-04
1.680850982666015625e-04
1.747608184814453125e-04
1.933574676513671875e-04
1.969337463378906250e-04
1.657009124755859375e-04
1.876354217529296875e-04
1.645088195800781250e-04
1.697540283203125000e-04
1.859664916992187500e-04
1.640319824218750000e-04
1.819133758544921875e-04
1.647472381591796875e-04
1.718997955322265625e-04
2.076625823974609375e-04
1.661777496337890625e-04
1.778602600097656250e-04
2.050399780273437500e-04
1.823902130126953125e-04
2.679824829101562500e-04
2.295970916748046875e-04
2.048015594482421875e-04
2.007484436035156250e-04
2.248287200927734375e-04
5.080699920654296875e-04
2.825260162353515625e-04
2.329349517822265625e-04
2.162456512451171875e-04
1.838207244873046875e-04
2.086162567138671875e-04
2.374649047851562500e-04
2.057552337646484375e-04
1.840591430664062500e-04
1.935958862304687500e-04
1.699924468994140625e-04
1.816749572753906250e-04
2.000331878662109375e-04
1.833438873291015625e-04
1.688003540039062500e-04
1.895427703857421875e-04
1.630783081054687500e-04
1.647472381591796875e-04
1.831054687500000000e-04
1.642704010009765625e-04
1.711845397949218750e-04
1.862049102783203125e-04
1.630783081054687500e-04
1.721382141113281250e-04
1.857280731201171875e-04
1.611709594726562500e-04
1.711845397949218750e-04
1.866817474365234375e-04
1.654624938964843750e-04
1.642704010009765625e-04
2.558231353759765625e-04
2.312660217285156250e-04
2.427101135253906250e-04
2.024173736572265625e-04
1.912117004394531250e-04
2.098083496093750000e-04
1.921653747558593750e-04
1.790523529052734375e-04
1.950263977050781250e-04
2.179145812988281250e-04
1.783370971679687500e-04
2.031326293945312500e-04
1.773834228515625000e-04
2.148151397705078125e-04
2.353191375732421875e-04
2.784729003906250000e-04
2.872943878173828125e-04
4.737377166748046875e-04
5.133152008056640625e-04
4.768371582031250000e-04
6.873607635498046875e-04
4.234313964843750000e-04
6.101131439208984375e-04
4.677772521972656250e-04
6.074905395507812500e-04
7.796287536621093750e-04
3.366470336914062500e-04
3.879070281982421875e-04
3.669261932373046875e-04
2.787113189697265625e-04
2.014636993408203125e-04
3.254413604736328125e-04
3.337860107421875000e-04
7.858276367187500000e-04
3.442764282226562500e-04
3.759860992431640625e-04
3.414154052734375000e-04
4.308223724365234375e-04
5.729198455810546875e-04
4.932880401611328125e-04
1.844167709350585938e-03
1.255774497985839844e-02
1.259875297546386719e-02
1.234269142150878906e-02
1.349258422851562500e-02
1.234030723571777344e-02
1.186585426330566406e-02
1.234889030456542969e-02
1.179289817810058594e-02
1.251840591430664062e-02
1.191473007202148438e-02
1.147150993347167969e-02
1.148343086242675781e-02
1.277399063110351562e-02
1.417708396911621094e-02
1.373696327209472656e-02
1.252818107604980469e-02
1.546692848205566406e-02
1.244878768920898438e-02
1.223897933959960938e-02
1.342558860778808594e-02
1.228165626525878906e-02
1.231956481933593750e-02
1.309800148010253906e-02
1.232028007507324219e-02
1.220989227294921875e-02
1.296544075012207031e-02
1.253962516784667969e-02
1.312565803527832031e-02
1.296734809875488281e-02
1.271152496337890625e-02
1.285839080810546875e-02
1.374554634094238281e-02
1.283645629882812500e-02
1.217555999755859375e-02
1.381397247314453125e-02
1.212596893310546875e-02
1.287007331848144531e-02
1.186776161193847656e-02
1.314973831176757812e-02
1.303291320800781250e-02
1.345300674438476562e-02
1.361250877380371094e-02
1.262116432189941406e-02
1.236867904663085938e-02
1.265144348144531250e-02
1.245808601379394531e-02
1.192903518676757812e-02
1.300477981567382812e-02
1.252293586730957031e-02
1.258873939514160156e-02
1.344919204711914062e-02
1.293349266052246094e-02
1.156544685363769531e-02
1.273751258850097656e-02
1.259088516235351562e-02
1.240277290344238281e-02
1.288509368896484375e-02
1.247739791870117188e-02
1.276516914367675781e-02
1.229643821716308594e-02
1.282668113708496094e-02
1.257872581481933594e-02
1.248812675476074219e-02
1.278376579284667969e-02
1.284003257751464844e-02
1.172709465026855469e-02
1.263499259948730469e-02
1.244950294494628906e-02
1.218318939208984375e-02
1.266074180603027344e-02
1.363420486450195312e-02
1.263546943664550781e-02
1.344347000122070312e-02
1.441121101379394531e-02
1.332950592041015625e-02
1.272439956665039062e-02
1.328587532043457031e-02
1.154708862304687500e-02
1.262855529785156250e-02
1.372551918029785156e-02
1.349186897277832031e-02
1.278066635131835938e-02
1.344561576843261719e-02
1.183986663818359375e-02
1.241445541381835938e-02
1.319503784179687500e-02
1.289057731628417969e-02
1.215720176696777344e-02
1.324748992919921875e-02
1.280260086059570312e-02
1.247882843017578125e-02
1.249003410339355469e-02
1.153182983398437500e-02
1.156926155090332031e-02
1.280069351196289062e-02
1.174283027648925781e-02
1.152205467224121094e-02
1.193094253540039062e-02
1.309752464294433594e-02
1.228547096252441406e-02
1.226139068603515625e-02
1.233053207397460938e-02
1.192140579223632812e-02
1.176214218139648438e-02
1.266479492187500000e-02
1.332187652587890625e-02
1.236891746520996094e-02
1.262903213500976562e-02
1.238298416137695312e-02
1.230931282043457031e-02
1.225018501281738281e-02
1.259565353393554688e-02
1.270174980163574219e-02
1.200151443481445312e-02
1.252484321594238281e-02
1.205801963806152344e-02
1.253867149353027344e-02
1.209664344787597656e-02
1.249837875366210938e-02
1.235723495483398438e-02
1.253437995910644531e-02
1.251077651977539062e-02
1.188039779663085938e-02
1.252055168151855469e-02
1.161503791809082031e-02
1.169919967651367188e-02
1.181316375732421875e-02
1.301479339599609375e-02
1.290845870971679688e-02
1.285457611083984375e-02
1.240491867065429688e-02
1.170396804809570312e-02
1.208829879760742188e-02
1.458168029785156250e-02
1.343989372253417969e-02
1.226067543029785156e-02
1.489067077636718750e-02
1.264834403991699219e-02
1.241183280944824219e-02
1.200914382934570312e-02
1.242375373840332031e-02
1.303315162658691406e-02
1.242566108703613281e-02
1.218771934509277344e-02
1.204061508178710938e-02
1.241970062255859375e-02
1.222920417785644531e-02
1.232576370239257812e-02
1.248550415039062500e-02
1.275753974914550781e-02
1.310563087463378906e-02
1.168298721313476562e-02
1.192951202392578125e-02
1.264071464538574219e-02
1.276278495788574219e-02
1.258111000061035156e-02
1.170086860656738281e-02
1.288628578186035156e-02
1.250219345092773438e-02
1.200366020202636719e-02
1.223421096801757812e-02
1.328849792480468750e-02
1.193761825561523438e-02
3.190040588378906250e-04
2.348423004150390625e-04
2.233982086181640625e-04
2.317428588867187500e-04
2.617835998535156250e-04
2.286434173583984375e-04
2.691745758056640625e-04
6.155967712402343750e-04
6.341934204101562500e-04
1.044034957885742188e-03
4.003047943115234375e-04
4.520416259765625000e-04
5.776882171630859375e-04
4.034042358398437500e-04
3.266334533691406250e-04
2.739429473876953125e-04
2.579689025878906250e-04
2.861022949218750000e-04
2.603530883789062500e-04
2.658367156982421875e-04
2.708435058593750000e-04
2.627372741699218750e-04
2.770423889160156250e-04
2.689361572265625000e-04
2.613067626953125000e-04
2.489089965820312500e-04
2.393722534179687500e-04
2.446174621582031250e-04
4.675388336181640625e-04
2.939701080322265625e-04
1.452684402465820312e-03
1.289105415344238281e-02
1.347827911376953125e-02
1.255965232849121094e-02
1.169109344482421875e-02
1.291799545288085938e-02
1.298689842224121094e-02
1.287078857421875000e-02
1.279425621032714844e-02
1.219201087951660156e-02
1.244592666625976562e-02
1.208209991455078125e-02
1.324987411499023438e-02
1.270771026611328125e-02
1.253962516784667969e-02
1.264715194702148438e-02
1.280355453491210938e-02
1.170158386230468750e-02
1.253890991210937500e-02
1.144790649414062500e-02
1.240253448486328125e-02
1.284098625183105469e-02
1.254487037658691406e-02
1.269221305847167969e-02
1.231241226196289062e-02
1.352214813232421875e-02
1.220655441284179688e-02
1.315855979919433594e-02
1.237893104553222656e-02
1.193499565124511719e-02
1.295518875122070312e-02
1.267457008361816406e-02
1.293611526489257812e-02
1.207971572875976562e-02
1.255965232849121094e-02
1.259374618530273438e-02
1.199173927307128906e-02
1.211857795715332031e-02
1.205587387084960938e-02
1.231288909912109375e-02
1.181864738464355469e-02
1.217722892761230469e-02
1.353335380554199219e-02
1.224112510681152344e-02
1.196718215942382812e-02
1.219630241394042969e-02
1.228594779968261719e-02
1.275444030761718750e-02
1.306867599487304688e-02
1.270461082458496094e-02
1.169753074645996094e-02
1.163291931152343750e-02
1.169610023498535156e-02
1.137948036193847656e-02
1.166439056396484375e-02
1.297473907470703125e-02
1.299762725830078125e-02
1.180720329284667969e-02
1.160717010498046875e-02
1.207637786865234375e-02
1.254463195800781250e-02
1.386499404907226562e-02
1.248168945312500000e-02
1.293802261352539062e-02
1.284599304199218750e-02
1.232528686523437500e-02
1.218414306640625000e-02
1.225399971008300781e-02
1.231217384338378906e-02
1.212120056152343750e-02
1.188540458679199219e-02
1.143193244934082031e-02
1.445078849792480469e-02
1.241731643676757812e-02
1.260662078857421875e-02
1.248717308044433594e-02
1.154041290283203125e-02
1.140332221984863281e-02
1.156735420227050781e-02
1.258945465087890625e-02
1.266288757324218750e-02
1.252365112304687500e-02
1.156282424926757812e-02
1.232624053955078125e-02
1.264810562133789062e-02
1.280283927917480469e-02
1.388883590698242188e-02
1.071453094482421875e-02
4.003047943115234375e-04
3.364086151123046875e-04
3.371238708496093750e-04
2.672672271728515625e-04
2.720355987548828125e-04
2.851486206054687500e-04
1.971721649169921875e-04
1.976490020751953125e-04
2.162456512451171875e-04
2.748966217041015625e-04
2.264976501464843750e-04
2.191066741943359375e-04
1.785755157470703125e-04
1.657009124755859375e-04
1.568794250488281250e-04
1.869201660156250000e-04
1.995563507080078125e-04
1.704692840576171875e-04
2.777576446533203125e-04
1.935958862304687500e-04
1.773834228515625000e-04
1.816749572753906250e-04
3.581047058105468750e-04
2.067089080810546875e-04
1.995563507080078125e-04
1.971721649169921875e-04
1.931190490722656250e-04
1.974105834960937500e-04
2.191066741943359375e-04
2.460479736328125000e-04
1.708030700683593750e-03
1.264691352844238281e-02
1.245450973510742188e-02
1.388406753540039062e-02
1.267981529235839844e-02
1.221656799316406250e-02
1.251006126403808594e-02
1.236224174499511719e-02
1.323437690734863281e-02
1.297211647033691406e-02
1.250004768371582031e-02
1.273488998413085938e-02
1.211261749267578125e-02
1.446676254272460938e-02
1.281261444091796875e-02
1.218008995056152344e-02
1.211357116699218750e-02
1.158022880554199219e-02
1.305413246154785156e-02
1.172709465026855469e-02
1.170516014099121094e-02
1.253628730773925781e-02
1.271200180053710938e-02
1.326465606689453125e-02
1.295447349548339844e-02
1.326251029968261719e-02
1.286959648132324219e-02
1.277661323547363281e-02
1.254677772521972656e-02
1.147699356079101562e-02
1.238179206848144531e-02
1.216769218444824219e-02
1.206254959106445312e-02
1.286602020263671875e-02
1.171731948852539062e-02
1.199746131896972656e-02
1.236653327941894531e-02
1.252222061157226562e-02
1.216483116149902344e-02
1.199746131896972656e-02
1.231455802917480469e-02
1.219749450683593750e-02
1.144123077392578125e-02
1.225471496582031250e-02
1.253557205200195312e-02
1.252126693725585938e-02
1.157379150390625000e-02
1.261067390441894531e-02
1.340985298156738281e-02
1.245141029357910156e-02
1.281404495239257812e-02
1.248049736022949219e-02
1.258349418640136719e-02
1.269388198852539062e-02
1.375269889831542969e-02
1.255631446838378906e-02
1.224923133850097656e-02
1.236510276794433594e-02
1.212644577026367188e-02
1.238965988159179688e-02
1.338696479797363281e-02
1.311254501342773438e-02
1.255941390991210938e-02
1.167941093444824219e-02
1.345515251159667969e-02
1.217722892761230469e-02
1.299357414245605469e-02
1.367473602294921875e-02
1.144385337829589844e-02
1.217603683471679688e-02
1.305174827575683594e-02
1.254534721374511719e-02
1.307034492492675781e-02
1.276636123657226562e-02
1.265764236450195312e-02
1.265907287597656250e-02
1.254224777221679688e-02
1.143646240234375000e-02
1.158928871154785156e-02
1.269245147705078125e-02
1.269698143005371094e-02
1.273322105407714844e-02
1.268768310546875000e-02
1.268720626831054688e-02
1.255345344543457031e-02
1.227855682373046875e-02
1.211285591125488281e-02
1.296257972717285156e-02
1.337623596191406250e-02
1.248145103454589844e-02
1.243352890014648438e-02
1.308822631835937500e-02
1.271414756774902344e-02
1.297163963317871094e-02
1.258945465087890625e-02
1.266026496887207031e-02
1.287555694580078125e-02
1.279211044311523438e-02
1.258182525634765625e-02
1.196813583374023438e-02
1.158952713012695312e-02
1.143503189086914062e-02
1.201152801513671875e-02
1.177811622619628906e-02
1.175951957702636719e-02
1.247215270996093750e-02
1.251673698425292969e-02
1.266479492187500000e-02
1.202130317687988281e-02
1.170206069946289062e-02
1.254653930664062500e-02
1.157569885253906250e-02
1.276779174804687500e-02
1.235580444335937500e-02
1.304483413696289062e-02
1.394510269165039062e-02
1.293206214904785156e-02
1.254272460937500000e-02
1.229214668273925781e-02
1.238894462585449219e-02
1.261520385742187500e-02
1.296639442443847656e-02
1.227688789367675781e-02
1.369524002075195312e-02
1.231145858764648438e-02
1.256227493286132812e-02
1.195812225341796875e-02
1.210117340087890625e-02
1.231598854064941406e-02
1.237463951110839844e-02
1.239299774169921875e-02
1.149249076843261719e-02
1.306819915771484375e-02
1.296949386596679688e-02
1.257658004760742188e-02
1.247048377990722656e-02
1.248764991760253906e-02
1.186275482177734375e-02
1.161694526672363281e-02
1.227641105651855469e-02
1.343154907226562500e-02
1.291465759277343750e-02
1.392817497253417969e-02
1.272416114807128906e-02
1.281976699829101562e-02
1.264357566833496094e-02
1.262974739074707031e-02
1.199531555175781250e-02
1.257252693176269531e-02
1.186203956604003906e-02
1.213788986206054688e-02
1.199483871459960938e-02
1.255989074707031250e-02
1.201009750366210938e-02
1.182222366333007812e-02
1.275491714477539062e-02
1.267957687377929688e-02
1.212835311889648438e-02
1.190900802612304688e-02
1.263976097106933594e-02
1.313638687133789062e-02
1.167893409729003906e-02
1.148152351379394531e-02
1.262187957763671875e-02
1.141285896301269531e-02
1.170253753662109375e-02
1.290249824523925781e-02
1.375198364257812500e-02
1.439523696899414062e-02
1.379823684692382812e-02
1.393318176269531250e-02
1.188325881958007812e-02
1.142168045043945312e-02
1.252913475036621094e-02
1.280999183654785156e-02
1.275110244750976562e-02
1.399612426757812500e-02
1.269245147705078125e-02
1.220130920410156250e-02
1.293992996215820312e-02
1.174116134643554688e-02
1.207637786865234375e-02
1.315855979919433594e-02
1.210522651672363281e-02
1.235365867614746094e-02
1.132059097290039062e-02
1.181507110595703125e-02
1.270914077758789062e-02
1.275300979614257812e-02
1.174855232238769531e-02
1.246476173400878906e-02
1.175403594970703125e-02
1.310658454895019531e-02
1.284360885620117188e-02
1.217365264892578125e-02
1.275444030761718750e-02
1.293730735778808594e-02
1.304912567138671875e-02
1.300144195556640625e-02
1.218247413635253906e-02
1.315450668334960938e-02
1.294064521789550781e-02
1.278686523437500000e-02
1.156687736511230469e-02
1.168417930603027344e-02
1.244783401489257812e-02
1.256322860717773438e-02
1.156830787658691406e-02
1.346135139465332031e-02
1.319313049316406250e-02
1.257085800170898438e-02
1.280522346496582031e-02
1.214981079101562500e-02
1.144933700561523438e-02
1.164126396179199219e-02
1.249742507934570312e-02
1.174664497375488281e-02
1.255512237548828125e-02
1.267933845520019531e-02
1.258754730224609375e-02
1.279091835021972656e-02
1.165318489074707031e-02
1.318812370300292969e-02
1.248764991760253906e-02
1.249694824218750000e-02
1.234030723571777344e-02
1.314115524291992188e-02
1.273441314697265625e-02
1.239705085754394531e-02
1.304578781127929688e-02
1.230239868164062500e-02
1.243305206298828125e-02
1.216435432434082031e-02
1.282405853271484375e-02
1.264619827270507812e-02
1.221179962158203125e-02
1.259469985961914062e-02
1.260232925415039062e-02
1.168966293334960938e-02
1.185393333435058594e-02
1.135945320129394531e-02
1.170229911804199219e-02
1.282262802124023438e-02
1.157641410827636719e-02
1.338601112365722656e-02
1.290273666381835938e-02
1.293873786926269531e-02
1.239800453186035156e-02
1.290249824523925781e-02
1.300334930419921875e-02
1.281094551086425781e-02
1.197528839111328125e-02
1.255369186401367188e-02
1.290273666381835938e-02
1.220250129699707031e-02
1.263809204101562500e-02
1.350593566894531250e-02
1.300597190856933594e-02
1.216268539428710938e-02
1.205968856811523438e-02
1.269435882568359375e-02
1.232695579528808594e-02
1.173496246337890625e-02
1.231598854064941406e-02
1.253914833068847656e-02
1.260542869567871094e-02
1.284718513488769531e-02
1.249384880065917969e-02
1.235866546630859375e-02
1.266121864318847656e-02
1.295471191406250000e-02
1.261806488037109375e-02
1.177787780761718750e-02
1.253962516784667969e-02
1.244068145751953125e-02
1.246476173400878906e-02
1.193785667419433594e-02
1.258015632629394531e-02
1.161766052246093750e-02
1.239681243896484375e-02
1.349902153015136719e-02
1.434040069580078125e-02
1.309013366699218750e-02
1.473784446716308594e-02
1.271700859069824219e-02
1.203632354736328125e-02
1.317119598388671875e-02
1.246094703674316406e-02
1.249599456787109375e-02
1.175737380981445312e-02
1.186323165893554688e-02
1.195168495178222656e-02
1.207280158996582031e-02
1.250863075256347656e-02
1.189112663269042969e-02
1.159930229187011719e-02
1.202440261840820312e-02
1.153588294982910156e-02
1.237130165100097656e-02
1.152849197387695312e-02
1.255822181701660156e-02
1.173067092895507812e-02
1.253342628479003906e-02
1.251649856567382812e-02
1.295685768127441406e-02
1.160502433776855469e-02
1.179933547973632812e-02
1.234340667724609375e-02
1.237416267395019531e-02
1.284813880920410156e-02
1.238155364990234375e-02
1.250195503234863281e-02
1.259732246398925781e-02
1.274013519287109375e-02
1.198244094848632812e-02
1.406192779541015625e-02
1.298284530639648438e-02
1.226544380187988281e-02
1.336169242858886719e-02
1.311039924621582031e-02
1.234102249145507812e-02
1.290202140808105469e-02
1.189637184143066406e-02
1.257634162902832031e-02
1.277041435241699219e-02
1.230001449584960938e-02
1.208186149597167969e-02
1.232790946960449219e-02
1.205277442932128906e-02
1.293516159057617188e-02
1.180315017700195312e-02
1.252222061157226562e-02
1.252865791320800781e-02
1.181244850158691406e-02
1.335763931274414062e-02
1.303911209106445312e-02
1.353549957275390625e-02
1.188516616821289062e-02
1.295208930969238281e-02
1.433086395263671875e-02
1.259922981262207031e-02
1.279854774475097656e-02
1.308917999267578125e-02
1.307177543640136719e-02
1.250958442687988281e-02
1.195311546325683594e-02
1.239895820617675781e-02
1.266312599182128906e-02
1.156616210937500000e-02
1.261401176452636719e-02
1.307106018066406250e-02
1.210069656372070312e-02
1.236319541931152344e-02
1.212000846862792969e-02
1.280498504638671875e-02
1.163196563720703125e-02
1.299405097961425781e-02
1.259160041809082031e-02
1.248931884765625000e-02
1.153516769409179688e-02
1.249670982360839844e-02
1.302337646484375000e-02
1.399993896484375000e-02
1.200127601623535156e-02
1.300835609436035156e-02
1.284670829772949219e-02
1.228737831115722656e-02
1.310682296752929688e-02
1.260781288146972656e-02
1.327085494995117188e-02
1.245188713073730469e-02
1.350259780883789062e-02
1.269578933715820312e-02
1.213479042053222656e-02
1.136517524719238281e-02
1.190519332885742188e-02
1.222181320190429688e-02
1.451539993286132812e-02
1.256012916564941406e-02
1.203250885009765625e-02
1.274180412292480469e-02
1.223540306091308594e-02
1.130795478820800781e-02
1.167821884155273438e-02
1.156830787658691406e-02
1.172637939453125000e-02
1.261758804321289062e-02
1.200222969055175781e-02
1.191258430480957031e-02
1.257991790771484375e-02
1.178455352783203125e-02
1.296424865722656250e-02
1.281118392944335938e-02
1.314544677734375000e-02
1.147007942199707031e-02
1.301312446594238281e-02
1.310038566589355469e-02
1.263904571533203125e-02
1.265144348144531250e-02
1.338219642639160156e-02
1.260805130004882812e-02
1.278901100158691406e-02
1.247072219848632812e-02
1.188039779663085938e-02
1.276254653930664062e-02
1.269102096557617188e-02
1.291966438293457031e-02
1.140379905700683594e-02
1.204872131347656250e-02
1.225972175598144531e-02
1.154971122741699219e-02
1.145386695861816406e-02
1.228284835815429688e-02
1.242280006408691406e-02
1.168084144592285156e-02
1.147127151489257812e-02
1.222872734069824219e-02
1.160407066345214844e-02
1.200103759765625000e-02
1.334333419799804688e-02
1.283431053161621094e-02
1.318216323852539062e-02
1.261043548583984375e-02
1.235961914062500000e-02
1.294350624084472656e-02
1.239013671875000000e-02
1.223707199096679688e-02
1.283526420593261719e-02
1.297688484191894531e-02
1.199007034301757812e-02
1.246809959411621094e-02
1.272678375244140625e-02
1.235651969909667969e-02
1.201033592224121094e-02
1.318264007568359375e-02
1.238346099853515625e-02
1.220941543579101562e-02
1.155924797058105469e-02
1.220345497131347656e-02
1.263451576232910156e-02
1.251602172851562500e-02
1.156973838806152344e-02
1.198291778564453125e-02
1.260280609130859375e-02
1.256370544433593750e-02
1.155567169189453125e-02
1.173496246337890625e-02
1.203203201293945312e-02
1.185154914855957031e-02
6.790161132812500000e-04
3.738403320312500000e-04
3.569126129150390625e-04
2.577304840087890625e-04
2.405643463134765625e-04
2.262592315673828125e-04
3.216266632080078125e-04
2.155303955078125000e-04
2.322196960449218750e-04
1.888275146484375000e-04
2.689361572265625000e-04
2.110004425048828125e-04
3.743171691894531250e-04
2.853870391845703125e-04
2.355575561523437500e-04
2.148151397705078125e-04
2.181529998779296875e-04
2.295970916748046875e-04
1.622200012207031250e-03
1.225280761718750000e-02
1.318669319152832031e-02
1.251173019409179688e-02
1.263070106506347656e-02
1.283884048461914062e-02
1.316881179809570312e-02
1.267766952514648438e-02
1.241850852966308594e-02
1.243209838867187500e-02
1.252079010009765625e-02
1.220393180847167969e-02
1.241850852966308594e-02
1.178503036499023438e-02
