0.0
1.4509366468054736
1.4512878832312117
1.4493476188644852
1.4456951677443883
1.4392062309182823
1.4392062309182823
1.4247031420378733
1.4154985530313684
1.4154985530313684
1.3989767176287853
1.3885324698090895
1.3781167848978233
1.3624217615459213
1.3486372801977367
1.3314723047216106
1.3139249296414834
1.2953317305638632
1.2720229555519778
1.247303193965808
1.2169757745289944
1.1938904385310738
1.168093067128296
1.1441833407062005
1.1206679495015446
1.0967491364064
1.0677892818132353
1.0428096989957276
1.0205873671434778
0.9963882252150298
0.9770259262649102
0.950787110925191
0.9309286405780074
0.9159407956239762
0.9017251023400171
0.8542022483579645
0.8275488803195377
0.8047756728406205
0.7678910476177748
0.7404236764242025
0.7278342286831593
0.677002911368404
0.6663851970224542
0.6158160270604099
0.6074340055650137
0.5582018156440419
0.5188445692688025
0.49317264258749066
0.43788277053238184
0.42548070499843665
0.37633242327410416
0.36151165156182996
0.3146120644256799
0.2959543752190213
0.2743464413774964
0.25503117362909933
0.25005756828402353
0.23310891740875078
0.2295309725938094
0.22238819428574907
0.2179991970111368
0.21488268527493393
0.21378954579141962
0.2116127142177849
0.21705671000676613
0.21375548339806855
0.2202802195793861
0.2234019957122223
0.2268652001516454
0.23866252210737837
0.23666619826405766
0.24971442884787115
0.25500656309795194
0.2590210968131238
0.26338722349941157
0.2637034736548009
0.2721378751364765
0.2843143679551618
0.291920320819388
0.2855764515214491
0.28983257733782375
0.2901983212560516
0.29038244304314187
0.291500498263842
0.2959215638698569
0.3076705103687266
0.31699844484983136
0.32204239446660915
0.3244207015569481
0.3262769094401867
0.32653710566039057
0.3318907013205325
0.3400053508354689
0.34624767020336966
0.34564565143943404
