8.634488681609027438e-02 9.239903505191995881e-02 -1.126321974656047109e-02 9.239903505191995881e-02
8.634488681609027438e-02 9.239903505191995881e-02 -1.126321974656047109e-02 9.239903505191995881e-02
-3.781455757837681037e-02 2.043727963940931980e-02 1.367490308706260493e-03 2.043727963940931980e-02
1.572540511393058504e-02 3.340405684770483656e-03 1.398163859120874278e-02 3.340405684770483656e-03
5.752703298673728614e-03 6.860067479783478646e-03 5.205885129203540601e-03 6.860067479783478646e-03
-8.566348007254902253e-02 2.789763213508396344e-02 3.871006116594929991e-02 2.789763213508396344e-02
1.572540511393058504e-02 3.340405684770483656e-03 1.398163859120874278e-02 3.340405684770483656e-03
6.122131596143476004e-03 -6.773583959288773104e-03 9.496994982322176648e-03 -6.773583959288773104e-03
5.663355327835906117e-03 5.807975700373560306e-03 5.219201268313248925e-03 5.807975700373560306e-03
5.663355327835906117e-03 5.807975700373560306e-03 5.219201268313248925e-03 5.807975700373560306e-03
-2.247144385148082228e-03 -2.522709391798935892e-03 5.614268628409598179e-03 -2.522709391798935892e-03
-2.247144385148082228e-03 -2.522709391798935892e-03 5.614268628409598179e-03 -2.522709391798935892e-03
-2.247144385148082228e-03 -2.522709391798935892e-03 5.614268628409598179e-03 -2.522709391798935892e-03
-4.892404374511114332e-03 6.195453862699088453e-03 -3.193437702615624027e-03 6.195453862699088453e-03
-2.247144385148082228e-03 -2.522709391798935892e-03 5.614268628409598179e-03 -2.522709391798935892e-03
-2.247144385148082228e-03 -2.522709391798935892e-03 5.614268628409598179e-03 -2.522709391798935892e-03
1.557305645129298220e-02 2.332432449873477615e-03 1.404116122168915480e-02 2.332432449873477615e-03
1.557305645129298220e-02 2.332432449873477615e-03 1.404116122168915480e-02 2.332432449873477615e-03
-4.892404374511114332e-03 6.195453862699088453e-03 -3.193437702615624027e-03 6.195453862699088453e-03
-9.144582215303752315e-02 3.191647021461340578e-02 3.556553111622168944e-02 3.191647021461340578e-02
-3.784910800129735048e-02 1.971701119377840608e-02 9.158517717903825496e-04 1.971701119377840608e-02
-3.784910800129735048e-02 1.971701119377840608e-02 9.158517717903825496e-04 1.971701119377840608e-02
-4.892404374511114332e-03 6.195453862699088453e-03 -3.193437702615624027e-03 6.195453862699088453e-03
-4.892404374511114332e-03 6.195453862699088453e-03 -3.193437702615624027e-03 6.195453862699088453e-03
-1.589046918426166924e-03 -2.217593575865330589e-03 6.415061687503866017e-03 -2.217593575865330589e-03
-2.247144385148082228e-03 -2.522709391798935892e-03 5.614268628409598179e-03 -2.522709391798935892e-03
-2.247144385148082228e-03 -2.522709391798935892e-03 5.614268628409598179e-03 -2.522709391798935892e-03
-3.784910800129735048e-02 1.971701119377840608e-02 9.158517717903825496e-04 1.971701119377840608e-02
-3.784910800129735048e-02 1.971701119377840608e-02 9.158517717903825496e-04 1.971701119377840608e-02
5.663355327835906117e-03 5.807975700373560306e-03 5.219201268313248925e-03 5.807975700373560306e-03
-1.589046918426166924e-03 -2.217593575865330589e-03 6.415061687503866017e-03 -2.217593575865330589e-03
-1.589046918426166924e-03 -2.217593575865330589e-03 6.415061687503866017e-03 -2.217593575865330589e-03
-1.589046918426166924e-03 -2.217593575865330589e-03 6.415061687503866017e-03 -2.217593575865330589e-03
-1.372010378412815736e-03 -5.784850169433143965e-03 6.662634182826247808e-03 -5.784850169433143965e-03
-1.372010378412815736e-03 -5.784850169433143965e-03 6.662634182826247808e-03 -5.784850169433143965e-03
6.181915216972321686e-03 -7.797055939426418385e-03 9.701729505721597493e-03 -7.797055939426418385e-03
6.181915216972321686e-03 -7.797055939426418385e-03 9.701729505721597493e-03 -7.797055939426418385e-03
6.181915216972321686e-03 -7.797055939426418385e-03 9.701729505721597493e-03 -7.797055939426418385e-03
-4.892404374511114332e-03 6.195453862699088453e-03 -3.193437702615624027e-03 6.195453862699088453e-03
-1.589046918426166924e-03 -2.217593575865330589e-03 6.415061687503866017e-03 -2.217593575865330589e-03
-2.247144385148082228e-03 -2.522709391798935892e-03 5.614268628409598179e-03 -2.522709391798935892e-03
4.636769009140454673e-03 -1.579063752495657707e-03 4.927806170480287726e-03 -1.579063752495657707e-03
4.636769009140454673e-03 -1.579063752495657707e-03 4.927806170480287726e-03 -1.579063752495657707e-03
-2.247144385148082228e-03 -2.522709391798935892e-03 5.614268628409598179e-03 -2.522709391798935892e-03
6.181915216972321686e-03 -7.797055939426418385e-03 9.701729505721597493e-03 -7.797055939426418385e-03
6.181915216972321686e-03 -7.797055939426418385e-03 9.701729505721597493e-03 -7.797055939426418385e-03
-4.892404374511114332e-03 6.195453862699088453e-03 -3.193437702615624027e-03 6.195453862699088453e-03
5.663355327835906117e-03 5.807975700373560306e-03 5.219201268313248925e-03 5.807975700373560306e-03
5.663355327835906117e-03 5.807975700373560306e-03 5.219201268313248925e-03 5.807975700373560306e-03
5.663355327835906117e-03 5.807975700373560306e-03 5.219201268313248925e-03 5.807975700373560306e-03
-2.750330178061792877e-02 1.491949066294269953e-02 5.825043872609323575e-03 1.491949066294269953e-02
-2.750330178061792877e-02 1.491949066294269953e-02 5.825043872609323575e-03 1.491949066294269953e-02
-2.750330178061792877e-02 1.491949066294269953e-02 5.825043872609323575e-03 1.491949066294269953e-02
5.663355327835906117e-03 5.807975700373560306e-03 5.219201268313248925e-03 5.807975700373560306e-03
6.181915216972321686e-03 -7.797055939426418385e-03 9.701729505721597493e-03 -7.797055939426418385e-03
-8.584469876386294218e-02 2.754380028693517377e-02 3.852051780726076929e-02 2.754380028693517377e-02
-8.584469876386294218e-02 2.754380028693517377e-02 3.852051780726076929e-02 2.754380028693517377e-02
-8.584469876386294218e-02 2.754380028693517377e-02 3.852051780726076929e-02 2.754380028693517377e-02
-8.584469876386294218e-02 2.754380028693517377e-02 3.852051780726076929e-02 2.754380028693517377e-02
-8.584469876386294218e-02 2.754380028693517377e-02 3.852051780726076929e-02 2.754380028693517377e-02
-8.584469876386294218e-02 2.754380028693517377e-02 3.852051780726076929e-02 2.754380028693517377e-02
-8.584469876386294218e-02 2.754380028693517377e-02 3.852051780726076929e-02 2.754380028693517377e-02
-8.584469876386294218e-02 2.754380028693517377e-02 3.852051780726076929e-02 2.754380028693517377e-02
-8.584469876386294218e-02 2.754380028693517377e-02 3.852051780726076929e-02 2.754380028693517377e-02
-8.584469876386294218e-02 2.754380028693517377e-02 3.852051780726076929e-02 2.754380028693517377e-02
6.181915216972321686e-03 -7.797055939426418385e-03 9.701729505721597493e-03 -7.797055939426418385e-03
-8.584469876386294218e-02 2.754380028693517377e-02 3.852051780726076929e-02 2.754380028693517377e-02
-2.980263521192681384e-02 2.101534856369872972e-02 1.107838983337002328e-02 2.101534856369872972e-02
-8.584469876386294218e-02 2.754380028693517377e-02 3.852051780726076929e-02 2.754380028693517377e-02
1.557305645129298220e-02 2.332432449873477615e-03 1.404116122168915480e-02 2.332432449873477615e-03
1.557305645129298220e-02 2.332432449873477615e-03 1.404116122168915480e-02 2.332432449873477615e-03
-2.980263521192681384e-02 2.101534856369872972e-02 1.107838983337002328e-02 2.101534856369872972e-02
-8.584469876386294218e-02 2.754380028693517377e-02 3.852051780726076929e-02 2.754380028693517377e-02
-8.584469876386294218e-02 2.754380028693517377e-02 3.852051780726076929e-02 2.754380028693517377e-02
-1.999383035834733160e-02 2.246654648655820041e-02 5.193047677303066177e-03 2.246654648655820041e-02
-1.587210670182875698e-03 -1.706325047878459516e-03 7.031638175086617724e-03 -1.706325047878459516e-03
-2.750330178061792877e-02 1.491949066294269953e-02 5.825043872609323575e-03 1.491949066294269953e-02
-1.589046918426166924e-03 -2.217593575865330589e-03 6.415061687503866017e-03 -2.217593575865330589e-03
-1.589046918426166924e-03 -2.217593575865330589e-03 6.415061687503866017e-03 -2.217593575865330589e-03
-1.589046918426166924e-03 -2.217593575865330589e-03 6.415061687503866017e-03 -2.217593575865330589e-03
-4.892404374511114332e-03 6.195453862699088453e-03 -3.193437702615624027e-03 6.195453862699088453e-03
-4.892404374511114332e-03 6.195453862699088453e-03 -3.193437702615624027e-03 6.195453862699088453e-03
4.636769009140454673e-03 -1.579063752495657707e-03 4.927806170480287726e-03 -1.579063752495657707e-03
5.663355327835906117e-03 5.807975700373560306e-03 5.219201268313248925e-03 5.807975700373560306e-03
5.663355327835906117e-03 5.807975700373560306e-03 5.219201268313248925e-03 5.807975700373560306e-03
5.663355327835906117e-03 5.807975700373560306e-03 5.219201268313248925e-03 5.807975700373560306e-03
-4.892404374511114332e-03 6.195453862699088453e-03 -3.193437702615624027e-03 6.195453862699088453e-03
-4.892404374511114332e-03 6.195453862699088453e-03 -3.193437702615624027e-03 6.195453862699088453e-03
-8.566348007254902253e-02 2.789763213508396344e-02 3.871006116594929991e-02 2.789763213508396344e-02
-8.566348007254902253e-02 2.789763213508396344e-02 3.871006116594929991e-02 2.789763213508396344e-02
-8.566348007254902253e-02 2.789763213508396344e-02 3.871006116594929991e-02 2.789763213508396344e-02
-4.795548517828659464e-03 7.311844695972787717e-03 -3.091748812388976034e-03 7.311844695972787717e-03
-4.795548517828659464e-03 7.311844695972787717e-03 -3.091748812388976034e-03 7.311844695972787717e-03
-8.547531920863003785e-02 2.825458659517639595e-02 3.889152490117967625e-02 2.825458659517639595e-02
-8.547531920863003785e-02 2.825458659517639595e-02 3.889152490117967625e-02 2.825458659517639595e-02
-8.547531920863003785e-02 2.825458659517639595e-02 3.889152490117967625e-02 2.825458659517639595e-02
-8.547531920863003785e-02 2.825458659517639595e-02 3.889152490117967625e-02 2.825458659517639595e-02
5.752703298673728614e-03 6.860067479783478646e-03 5.205885129203540601e-03 6.860067479783478646e-03
-8.547531920863003785e-02 2.825458659517639595e-02 3.889152490117967625e-02 2.825458659517639595e-02
-8.547531920863003785e-02 2.825458659517639595e-02 3.889152490117967625e-02 2.825458659517639595e-02
5.752703298673728614e-03 6.860067479783478646e-03 5.205885129203540601e-03 6.860067479783478646e-03
5.752703298673728614e-03 6.860067479783478646e-03 5.205885129203540601e-03 6.860067479783478646e-03
-2.967432524180711045e-02 2.244493943111897788e-02 1.183703055613409549e-02 2.244493943111897788e-02
5.752703298673728614e-03 6.860067479783478646e-03 5.205885129203540601e-03 6.860067479783478646e-03
-2.316562944952929148e-03 -1.621480338160154406e-03 6.428032882214749361e-03 -1.621480338160154406e-03
-4.795548517828659464e-03 7.311844695972787717e-03 -3.091748812388976034e-03 7.311844695972787717e-03
-4.795548517828659464e-03 7.311844695972787717e-03 -3.091748812388976034e-03 7.311844695972787717e-03
6.122131596143476004e-03 -6.773583959288773104e-03 9.496994982322176648e-03 -6.773583959288773104e-03
6.122131596143476004e-03 -6.773583959288773104e-03 9.496994982322176648e-03 -6.773583959288773104e-03
6.122131596143476004e-03 -6.773583959288773104e-03 9.496994982322176648e-03 -6.773583959288773104e-03
5.663355327835906117e-03 5.807975700373560306e-03 5.219201268313248925e-03 5.807975700373560306e-03
6.122131596143476004e-03 -6.773583959288773104e-03 9.496994982322176648e-03 -6.773583959288773104e-03
2.386046883346192807e-03 -6.110769846297406556e-03 1.250033654893839725e-02 -6.110769846297406556e-03
2.386046883346192807e-03 -6.110769846297406556e-03 1.250033654893839725e-02 -6.110769846297406556e-03
2.386046883346192807e-03 -6.110769846297406556e-03 1.250033654893839725e-02 -6.110769846297406556e-03
-1.581350195299555854e-03 -1.159037364574172632e-03 6.443001315037680254e-03 -1.159037364574172632e-03
2.338724392054645183e-03 -5.051568820413441380e-03 1.239427392201958300e-02 -5.051568820413441380e-03
2.338724392054645183e-03 -5.051568820413441380e-03 1.239427392201958300e-02 -5.051568820413441380e-03
-1.581350195299555854e-03 -1.159037364574172632e-03 6.443001315037680254e-03 -1.159037364574172632e-03
5.752703298673728614e-03 6.860067479783478646e-03 5.205885129203540601e-03 6.860067479783478646e-03
5.752703298673728614e-03 6.860067479783478646e-03 5.205885129203540601e-03 6.860067479783478646e-03
6.059357119900363534e-03 -5.754216320178003399e-03 9.291456707177238664e-03 -5.754216320178003399e-03
1.587741103935282408e-02 4.341059490569173368e-03 1.392031220240603530e-02 4.341059490569173368e-03
1.587741103935282408e-02 4.341059490569173368e-03 1.392031220240603530e-02 4.341059490569173368e-03
1.587741103935282408e-02 4.341059490569173368e-03 1.392031220240603530e-02 4.341059490569173368e-03
1.587741103935282408e-02 4.341059490569173368e-03 1.392031220240603530e-02 4.341059490569173368e-03
5.752703298673728614e-03 6.860067479783478646e-03 5.205885129203540601e-03 6.860067479783478646e-03
5.752703298673728614e-03 6.860067479783478646e-03 5.205885129203540601e-03 6.860067479783478646e-03
-7.479200606949396209e-03 -1.736204685527891964e-02 -8.998088629210943337e-03 -1.736204685527891964e-02
-8.566348007254902253e-02 2.789763213508396344e-02 3.871006116594929991e-02 2.789763213508396344e-02
1.572540511393058504e-02 3.340405684770483656e-03 1.398163859120874278e-02 3.340405684770483656e-03
1.572540511393058504e-02 3.340405684770483656e-03 1.398163859120874278e-02 3.340405684770483656e-03
1.572540511393058504e-02 3.340405684770483656e-03 1.398163859120874278e-02 3.340405684770483656e-03
1.572540511393058504e-02 3.340405684770483656e-03 1.398163859120874278e-02 3.340405684770483656e-03
-4.795548517828659464e-03 7.311844695972787717e-03 -3.091748812388976034e-03 7.311844695972787717e-03
6.122131596143476004e-03 -6.773583959288773104e-03 9.496994982322176648e-03 -6.773583959288773104e-03
6.122131596143476004e-03 -6.773583959288773104e-03 9.496994982322176648e-03 -6.773583959288773104e-03
6.122131596143476004e-03 -6.773583959288773104e-03 9.496994982322176648e-03 -6.773583959288773104e-03
-2.974216585633162116e-02 2.172542517313914151e-02 1.146039080082233638e-02 2.172542517313914151e-02
-3.781455757837681037e-02 2.043727963940931980e-02 1.367490308706260493e-03 2.043727963940931980e-02
-8.547531920863003785e-02 2.825458659517639595e-02 3.889152490117967625e-02 2.825458659517639595e-02
-3.781455757837681037e-02 2.043727963940931980e-02 1.367490308706260493e-03 2.043727963940931980e-02
-3.781455757837681037e-02 2.043727963940931980e-02 1.367490308706260493e-03 2.043727963940931980e-02
-3.781455757837681037e-02 2.043727963940931980e-02 1.367490308706260493e-03 2.043727963940931980e-02
5.752703298673728614e-03 6.860067479783478646e-03 5.205885129203540601e-03 6.860067479783478646e-03
-3.781455757837681037e-02 2.043727963940931980e-02 1.367490308706260493e-03 2.043727963940931980e-02
-4.795548517828659464e-03 7.311844695972787717e-03 -3.091748812388976034e-03 7.311844695972787717e-03
5.752703298673728614e-03 6.860067479783478646e-03 5.205885129203540601e-03 6.860067479783478646e-03
5.752703298673728614e-03 6.860067479783478646e-03 5.205885129203540601e-03 6.860067479783478646e-03
-6.118676313974065473e-03 -1.213624462354313122e-02 -1.128262869567420862e-02 -1.213624462354313122e-02
-2.974216585633162116e-02 2.172542517313914151e-02 1.146039080082233638e-02 2.172542517313914151e-02
-4.795548517828659464e-03 7.311844695972787717e-03 -3.091748812388976034e-03 7.311844695972787717e-03
-4.795548517828659464e-03 7.311844695972787717e-03 -3.091748812388976034e-03 7.311844695972787717e-03
-4.795548517828659464e-03 7.311844695972787717e-03 -3.091748812388976034e-03 7.311844695972787717e-03
-2.147582229813574037e-02 -1.856770268750262617e-02 1.722445200269707641e-02 -1.856770268750262617e-02
-4.795548517828659464e-03 7.311844695972787717e-03 -3.091748812388976034e-03 7.311844695972787717e-03
-1.984943650153246988e-02 2.324062076624181655e-02 5.367246594429464848e-03 2.324062076624181655e-02
-8.566348007254902253e-02 2.789763213508396344e-02 3.871006116594929991e-02 2.789763213508396344e-02
6.122131596143476004e-03 -6.773583959288773104e-03 9.496994982322176648e-03 -6.773583959288773104e-03
-8.566348007254902253e-02 2.789763213508396344e-02 3.871006116594929991e-02 2.789763213508396344e-02
5.663355327835906117e-03 5.807975700373560306e-03 5.219201268313248925e-03 5.807975700373560306e-03
5.663355327835906117e-03 5.807975700373560306e-03 5.219201268313248925e-03 5.807975700373560306e-03
-8.566348007254902253e-02 2.789763213508396344e-02 3.871006116594929991e-02 2.789763213508396344e-02
-8.566348007254902253e-02 2.789763213508396344e-02 3.871006116594929991e-02 2.789763213508396344e-02
-4.892404374511114332e-03 6.195453862699088453e-03 -3.193437702615624027e-03 6.195453862699088453e-03
2.181918449746077758e-03 -4.532007238957982097e-03 4.215197944690137269e-03 -4.532007238957982097e-03
2.431871249156902955e-03 -7.172954843494953187e-03 1.260568094074266711e-02 -7.172954843494953187e-03
5.574911615484913138e-03 4.749068705627390238e-03 5.231964395934504339e-03 4.749068705627390238e-03
5.574911615484913138e-03 4.749068705627390238e-03 5.231964395934504339e-03 4.749068705627390238e-03
5.574911615484913138e-03 4.749068705627390238e-03 5.231964395934504339e-03 4.749068705627390238e-03
5.574911615484913138e-03 4.749068705627390238e-03 5.231964395934504339e-03 4.749068705627390238e-03
4.636769009140454673e-03 -1.579063752495657707e-03 4.927806170480287726e-03 -1.579063752495657707e-03
4.636769009140454673e-03 -1.579063752495657707e-03 4.927806170480287726e-03 -1.579063752495657707e-03
-1.999383035834733160e-02 2.246654648655820041e-02 5.193047677303066177e-03 2.246654648655820041e-02
-1.999383035834733160e-02 2.246654648655820041e-02 5.193047677303066177e-03 2.246654648655820041e-02
-8.586968849526914471e-02 2.701361889071913006e-02 3.841138010699417932e-02 2.701361889071913006e-02
-2.683972582735299692e-02 1.479905368276317884e-02 5.956553601763748054e-03 1.479905368276317884e-02
6.719037789329462655e-03 5.731651098934224461e-03 5.064478911151670468e-03 5.731651098934224461e-03
-8.569558662588218356e-02 2.735740560695945622e-02 3.860443182604990364e-02 2.735740560695945622e-02
6.719037789329462655e-03 5.731651098934224461e-03 5.064478911151670468e-03 5.731651098934224461e-03
6.719037789329462655e-03 5.731651098934224461e-03 5.064478911151670468e-03 5.731651098934224461e-03
-1.925702648475223835e-02 2.231683713719832124e-02 5.372148157351402074e-03 2.231683713719832124e-02
-8.551480258362507969e-02 2.770421572180932837e-02 3.878958675872413303e-02 2.770421572180932837e-02
-8.551480258362507969e-02 2.770421572180932837e-02 3.878958675872413303e-02 2.770421572180932837e-02
-1.925702648475223835e-02 2.231683713719832124e-02 5.372148157351402074e-03 2.231683713719832124e-02
6.719037789329462655e-03 5.731651098934224461e-03 5.064478911151670468e-03 5.731651098934224461e-03
-1.925702648475223835e-02 2.231683713719832124e-02 5.372148157351402074e-03 2.231683713719832124e-02
-1.925702648475223835e-02 2.231683713719832124e-02 5.372148157351402074e-03 2.231683713719832124e-02
4.542902126277384087e-03 -7.387634868671601358e-03 4.939958790639978337e-03 -7.387634868671601358e-03
-4.618272497435830029e-03 -1.297001670884291406e-02 -1.177798537022167920e-02 -1.297001670884291406e-02
1.392599566000010149e-02 -8.899909650302989528e-03 6.946785674531123908e-04 -8.899909650302989528e-03
1.311710189173982515e-02 -3.297291342508820722e-03 1.342093237725753598e-02 -3.297291342508820722e-03
2.108627599790705021e-03 3.065729537461049301e-03 1.199303295354013687e-03 3.065729537461049301e-03
-3.466162448375950146e-03 5.128389879104644240e-04 -3.141512233536089722e-03 5.128389879104644240e-04
-3.466162448375950146e-03 5.128389879104644240e-04 -3.141512233536089722e-03 5.128389879104644240e-04
-7.128167983373311090e-03 2.066268805609113718e-03 -5.946787598527055428e-03 2.066268805609113718e-03
-7.523320901089107851e-03 5.008854438420717783e-04 -2.424166083319522023e-03 5.008854438420717783e-04
-7.523320901089107851e-03 5.008854438420717783e-04 -2.424166083319522023e-03 5.008854438420717783e-04
5.933973389787169060e-03 8.943062947385418265e-03 5.177506244427572055e-03 8.943062947385418265e-03
-8.507744507674518120e-02 2.897755163691011215e-02 3.922961510203141350e-02 2.897755163691011215e-02
-8.507744507674518120e-02 2.897755163691011215e-02 3.922961510203141350e-02 2.897755163691011215e-02
-2.472715366612993006e-04 2.129631345979393891e-03 8.460991812777757595e-03 2.129631345979393891e-03
1.609687146468776198e-01 1.123744724439158446e-02 -4.802138148979277071e-02 1.123744724439158446e-02
1.609687146468776198e-01 1.123744724439158446e-02 -4.802138148979277071e-02 1.123744724439158446e-02
-2.255202169892605024e-01 3.187690553326169574e-02 8.378559076735832278e-02 3.187690553326169574e-02
-2.255202169892605024e-01 3.187690553326169574e-02 8.378559076735832278e-02 3.187690553326169574e-02
3.170824432181262604e-03 5.116738404010394425e-02 2.938671498652389684e-03 5.116738404010394425e-02
-8.510403927673151556e-03 6.748128387330067091e-02 8.827958076364862683e-03 6.748128387330067091e-02
-8.510403927673151556e-03 6.748128387330067091e-02 8.827958076364862683e-03 6.748128387330067091e-02
-2.217046255633010280e-03 9.992802019215822618e-02 -5.693070666508167111e-06 9.992802019215822618e-02
-3.762275034506558889e-03 1.078609643239618332e-01 -7.738156068263620825e-03 1.078609643239618332e-01
-3.762275034506558889e-03 1.078609643239618332e-01 -7.738156068263620825e-03 1.078609643239618332e-01
2.981082196774049661e-03 1.147146433549173367e-01 4.620014310809280635e-03 1.147146433549173367e-01
2.981082196774049661e-03 1.147146433549173367e-01 4.620014310809280635e-03 1.147146433549173367e-01
-5.579139007270541911e-04 1.221242907066262678e-01 1.275025083255533758e-04 1.221242907066262678e-01
-4.307860703994402518e-02 1.632183697422675550e-01 1.475463060992363191e-02 1.632183697422675550e-01
-4.307860703994402518e-02 1.632183697422675550e-01 1.475463060992363191e-02 1.632183697422675550e-01
1.800331095680397266e-03 1.597885924572005900e-01 -8.172507590018144447e-03 1.597885924572005900e-01
-3.328395043813367482e-03 1.364826222351398222e-01 -1.284678471868614638e-04 1.364826222351398222e-01
-3.328395043813367482e-03 1.364826222351398222e-01 -1.284678471868614638e-04 1.364826222351398222e-01
3.048265552393842129e-03 1.409569606225218596e-01 5.939357827221589115e-03 1.409569606225218596e-01
-9.276108672685055151e-03 1.558619503206231105e-01 -1.037166076072968627e-03 1.558619503206231105e-01
-9.276108672685055151e-03 1.558619503206231105e-01 -1.037166076072968627e-03 1.558619503206231105e-01
6.741141357636093023e-04 1.555327448055858763e-01 5.925495831015349657e-03 1.555327448055858763e-01
-8.692519513733209732e-03 1.663634636735460692e-01 1.036718656722012983e-03 1.663634636735460692e-01
3.891696507340789649e-03 1.803016365264719090e-01 1.194260969656072910e-02 1.803016365264719090e-01
3.807262843486757063e-03 1.929896350978024255e-01 8.835739884156007529e-03 1.929896350978024255e-01
-7.709630212715194719e-02 2.119329611452017703e-01 3.231569497800028390e-02 2.119329611452017703e-01
1.134608573322636038e-02 2.177470804698755924e-01 1.115891427341200552e-02 2.177470804698755924e-01
3.535345172387850676e-02 1.811471601122902064e-01 -7.101450698901327907e-03 1.811471601122902064e-01
-5.006409662936621256e-03 2.326525820898941443e-01 -6.272234212677326934e-03 2.326525820898941443e-01
-1.073373797291819233e-03 2.493126711402917084e-01 1.139341803305546526e-03 2.493126711402917084e-01
3.869541276092054814e-03 2.682796025025590003e-01 1.034637885202896283e-02 2.682796025025590003e-01
5.084289745362407728e-03 2.628877361311979799e-01 2.394006620792709945e-03 2.628877361311979799e-01
-5.518013165815127685e-02 2.446977025087173352e-01 1.030570072316321778e-02 2.446977025087173352e-01
4.260593764065447042e-02 2.304973148059868693e-01 -2.279141495730963810e-03 2.304973148059868693e-01
2.955593263426946771e-03 2.696618634931543523e-01 -8.443335563355023818e-03 2.696618634931543523e-01
4.202913301241021672e-03 2.644304253582317465e-01 5.866438741687902796e-03 2.644304253582317465e-01
1.628501795733023824e-03 2.646952097950464045e-01 -1.496691867962940967e-04 2.646952097950464045e-01
2.776668061782456252e-03 2.611151635124318582e-01 2.430246856214777085e-03 2.611151635124318582e-01
-3.975383497747191314e-04 2.634976986567566515e-01 1.103549093641802842e-02 2.634976986567566515e-01
-3.975383497747191314e-04 2.634976986567566515e-01 1.103549093641802842e-02 2.634976986567566515e-01
3.083442375073496174e-03 2.676030724570706565e-01 -1.171319554551820963e-02 2.676030724570706565e-01
-8.701868050055685047e-03 2.352701575016731550e-01 -9.536186601073760524e-03 2.352701575016731550e-01
-8.701868050055685047e-03 2.352701575016731550e-01 -9.536186601073760524e-03 2.352701575016731550e-01
3.419321787270150018e-03 2.641411672058555649e-01 7.404900891036604593e-03 2.641411672058555649e-01
2.572045295339375585e-03 2.605755626710229422e-01 2.920081186801836738e-03 2.605755626710229422e-01
-5.756318815300150854e-02 2.440764226306164353e-01 1.681319127583147041e-02 2.440764226306164353e-01
3.364045822322081925e-03 2.631585918340726415e-01 7.053439956044056311e-03 2.631585918340726415e-01
3.364045822322081925e-03 2.631585918340726415e-01 7.053439956044056311e-03 2.631585918340726415e-01
4.311319429147991537e-03 2.637051536240797578e-01 1.060582115804489627e-02 2.637051536240797578e-01
-7.514913238294084570e-04 2.632884070343302074e-01 -2.184777760066939668e-03 2.632884070343302074e-01
-7.514913238294084570e-04 2.632884070343302074e-01 -2.184777760066939668e-03 2.632884070343302074e-01
3.307016287506246537e-03 2.621805862858013203e-01 6.701285781799967180e-03 2.621805862858013203e-01
-7.416832604308047769e-04 2.622663932250681729e-01 -2.258230080047280829e-03 2.622663932250681729e-01
-7.416832604308047769e-04 2.622663932250681729e-01 -2.258230080047280829e-03 2.622663932250681729e-01
3.307016287506246537e-03 2.621805862858013203e-01 6.701285781799967180e-03 2.621805862858013203e-01
3.307016287506246537e-03 2.621805862858013203e-01 6.701285781799967180e-03 2.621805862858013203e-01
3.307016287506246537e-03 2.621805862858013203e-01 6.701285781799967180e-03 2.621805862858013203e-01
2.868417459788164849e-03 2.608047767778101100e-01 8.046558068144381293e-03 2.608047767778101100e-01
2.868417459788164849e-03 2.608047767778101100e-01 8.046558068144381293e-03 2.608047767778101100e-01
4.273301206974114246e-03 2.626818780546214538e-01 1.024035511971307585e-02 2.626818780546214538e-01
3.206835716994049096e-03 2.623855468888832698e-01 5.810491424892241276e-03 2.623855468888832698e-01
2.786963469795550059e-03 2.620388978033529326e-01 4.408287952244867476e-03 2.620388978033529326e-01
-1.858310984904404948e-03 2.631114302851452202e-01 -3.955082915788701338e-03 2.631114302851452202e-01
-2.181269742203770234e-03 2.607759164031883126e-01 -2.987964700401526778e-04 2.607759164031883126e-01
-2.181269742203770234e-03 2.607759164031883126e-01 -2.987964700401526778e-04 2.607759164031883126e-01
-6.401183671560419647e-03 2.590933808478055878e-01 -9.491262079694690393e-03 2.590933808478055878e-01
-1.299983394398485223e-03 2.589184541865091060e-01 -3.713070469020108080e-03 2.589184541865091060e-01
-1.299983394398485223e-03 2.589184541865091060e-01 -3.713070469020108080e-03 2.589184541865091060e-01
-2.599929971861523938e-03 2.663382216478324960e-01 1.399724616937809106e-02 2.663382216478324960e-01
-4.948796609373389520e-03 2.575916828768266553e-01 -4.683494238022706431e-03 2.575916828768266553e-01
5.565250829634331604e-03 2.658036012365526113e-01 1.095335578019462214e-02 2.658036012365526113e-01
-1.396740631393335015e-04 2.612648687470047193e-01 5.900075134079523810e-03 2.612648687470047193e-01
4.484313500718433050e-03 2.631507483167953576e-01 6.927105535323652835e-03 2.631507483167953576e-01
4.484313500718433050e-03 2.631507483167953576e-01 6.927105535323652835e-03 2.631507483167953576e-01
4.484313500718433050e-03 2.631507483167953576e-01 6.927105535323652835e-03 2.631507483167953576e-01
4.484313500718433050e-03 2.631507483167953576e-01 6.927105535323652835e-03 2.631507483167953576e-01
4.484313500718433050e-03 2.631507483167953576e-01 6.927105535323652835e-03 2.631507483167953576e-01
4.484313500718433050e-03 2.631507483167953576e-01 6.927105535323652835e-03 2.631507483167953576e-01
4.484313500718433050e-03 2.631507483167953576e-01 6.927105535323652835e-03 2.631507483167953576e-01
4.484313500718433050e-03 2.631507483167953576e-01 6.927105535323652835e-03 2.631507483167953576e-01
4.484313500718433050e-03 2.631507483167953576e-01 6.927105535323652835e-03 2.631507483167953576e-01
3.068602884992704797e-04 2.643187618273907247e-01 -2.247244766658815229e-03 2.643187618273907247e-01
-2.793462873361580567e-03 2.647962611740504180e-01 -8.230838268161207519e-03 2.647962611740504180e-01
-5.765369014778141954e-02 2.439390800846605867e-01 1.695080461591579046e-02 2.439390800846605867e-01
4.484313500718433050e-03 2.631507483167953576e-01 6.927105535323652835e-03 2.631507483167953576e-01
3.867240313038137166e-03 2.658210856744533390e-01 5.504693503359985376e-03 2.658210856744533390e-01
3.867240313038137166e-03 2.658210856744533390e-01 5.504693503359985376e-03 2.658210856744533390e-01
-5.765369014778141954e-02 2.439390800846605867e-01 1.695080461591579046e-02 2.439390800846605867e-01
3.867240313038137166e-03 2.658210856744533390e-01 5.504693503359985376e-03 2.658210856744533390e-01
3.867240313038137166e-03 2.658210856744533390e-01 5.504693503359985376e-03 2.658210856744533390e-01
-8.202022857076317688e-03 2.356828134377200457e-01 1.090321448918930240e-03 2.356828134377200457e-01
-5.750050940032313401e-02 2.441146642371317677e-01 1.654491142676128498e-02 2.441146642371317677e-01
-8.202022857076317688e-03 2.356828134377200457e-01 1.090321448918930240e-03 2.356828134377200457e-01
-2.793462873361580567e-03 2.647962611740504180e-01 -8.230838268161207519e-03 2.647962611740504180e-01
-2.793462873361580567e-03 2.647962611740504180e-01 -8.230838268161207519e-03 2.647962611740504180e-01
4.048269012020812470e-03 2.628793459538626975e-01 2.708906743441927452e-03 2.628793459538626975e-01
2.106535694837150148e-03 2.638415265478686877e-01 6.570461910164137297e-03 2.638415265478686877e-01
2.106535694837150148e-03 2.638415265478686877e-01 6.570461910164137297e-03 2.638415265478686877e-01
2.106535694837150148e-03 2.638415265478686877e-01 6.570461910164137297e-03 2.638415265478686877e-01
4.484313500718433050e-03 2.631507483167953576e-01 6.927105535323652835e-03 2.631507483167953576e-01
4.484313500718433050e-03 2.631507483167953576e-01 6.927105535323652835e-03 2.631507483167953576e-01
-5.829782560794017493e-03 2.597873912437168031e-01 -9.619046244084569416e-03 2.597873912437168031e-01
-5.481153273474067937e-03 2.623713782757876589e-01 2.704339023186206475e-03 2.623713782757876589e-01
2.106535694837150148e-03 2.638415265478686877e-01 6.570461910164137297e-03 2.638415265478686877e-01
2.106535694837150148e-03 2.638415265478686877e-01 6.570461910164137297e-03 2.638415265478686877e-01
-5.829782560794017493e-03 2.597873912437168031e-01 -9.619046244084569416e-03 2.597873912437168031e-01
-8.202022857076317688e-03 2.356828134377200457e-01 1.090321448918930240e-03 2.356828134377200457e-01
1.088847371697450155e-02 2.634499953662579608e-01 1.668040540015298945e-02 2.634499953662579608e-01
4.541187506648990471e-03 2.641334684935602306e-01 7.277423363919356333e-03 2.641334684935602306e-01
-5.115265001388625242e-03 2.611645074792283139e-01 -4.266834290750913528e-03 2.611645074792283139e-01
-5.427547338659122894e-02 2.469725652683005535e-01 1.894748264993661307e-02 2.469725652683005535e-01
-5.427547338659122894e-02 2.469725652683005535e-01 1.894748264993661307e-02 2.469725652683005535e-01
9.551942831179825386e-03 2.629407488713256802e-01 1.476070961531196490e-02 2.629407488713256802e-01
-4.407277140817158741e-04 2.592134466312818741e-01 -8.189564874342440334e-04 2.592134466312818741e-01
6.427340130494157283e-03 2.600000375030528388e-01 6.164745395075622511e-03 2.600000375030528388e-01
-1.112108062926354807e-01 2.495490264881307652e-01 4.517398932148789653e-02 2.495490264881307652e-01
1.070226694070741669e-02 2.624581641082696093e-01 1.762609268625836556e-02 2.624581641082696093e-01
-8.894172015817247354e-03 2.365597459485161425e-01 -1.605039051267130893e-03 2.365597459485161425e-01
1.543361703963331459e-03 2.568282825096565025e-01 1.326534168917980171e-03 2.568282825096565025e-01
2.389440385933243316e-03 2.617329944878116210e-01 5.741301659976698162e-03 2.617329944878116210e-01
4.690082718562203594e-03 2.612167042275660989e-01 -4.818302515768984814e-03 2.612167042275660989e-01
2.389440385933243316e-03 2.617329944878116210e-01 5.741301659976698162e-03 2.617329944878116210e-01
2.389440385933243316e-03 2.617329944878116210e-01 5.741301659976698162e-03 2.617329944878116210e-01
-5.780439624504622731e-02 2.437502990518062018e-01 1.734119591527168505e-02 2.437502990518062018e-01
-5.780439624504622731e-02 2.437502990518062018e-01 1.734119591527168505e-02 2.437502990518062018e-01
9.503028172796390213e-03 2.619737729992780428e-01 1.438392794369097553e-02 2.619737729992780428e-01
3.863392665789252504e-03 2.646035988706719189e-01 5.340626408829747193e-03 2.646035988706719189e-01
-5.780439624504622731e-02 2.437502990518062018e-01 1.734119591527168505e-02 2.437502990518062018e-01
2.106535694837150148e-03 2.638415265478686877e-01 6.570461910164137297e-03 2.638415265478686877e-01
2.249372698736590639e-03 2.627811535007655852e-01 6.147840377396054413e-03 2.627811535007655852e-01
-5.780439624504622731e-02 2.437502990518062018e-01 1.734119591527168505e-02 2.437502990518062018e-01
-5.532980224755440490e-02 2.471432082084288606e-01 1.459998858212098460e-02 2.471432082084288606e-01
-5.901235608493259760e-02 2.459033760864812179e-01 2.694314706627702616e-02 2.459033760864812179e-01
-5.901235608493259760e-02 2.459033760864812179e-01 2.694314706627702616e-02 2.459033760864812179e-01
-5.815965016141016325e-02 2.432159975676197461e-01 1.817600089620096185e-02 2.432159975676197461e-01
6.310681408328739153e-03 2.644316603427914192e-01 5.532795632884259830e-03 2.644316603427914192e-01
2.836322361896528432e-03 2.583114447827416504e-01 -1.100194865178822333e-03 2.583114447827416504e-01
1.185569049728328779e-02 2.624364837394578820e-01 1.754325012945317716e-02 2.624364837394578820e-01
-5.891199421500484951e-02 2.460920142700049607e-01 2.685397649915290466e-02 2.460920142700049607e-01
5.292979475695155749e-03 2.623884984496657746e-01 5.456462531978419246e-03 2.623884984496657746e-01
8.760129714075425705e-03 2.575227218473665758e-01 8.314977015406590372e-03 2.575227218473665758e-01
8.760129714075425705e-03 2.575227218473665758e-01 8.314977015406590372e-03 2.575227218473665758e-01
4.699566091575309475e-03 2.611694289222221133e-01 4.002560098823394405e-03 2.611694289222221133e-01
-1.107558169143345733e-01 2.482096788564058798e-01 4.619510860573319139e-02 2.482096788564058798e-01
-1.107558169143345733e-01 2.482096788564058798e-01 4.619510860573319139e-02 2.482096788564058798e-01
5.113563225155027224e-03 2.633814119807680876e-01 5.059362462552203545e-03 2.633814119807680876e-01
5.113563225155027224e-03 2.633814119807680876e-01 5.059362462552203545e-03 2.633814119807680876e-01
5.113563225155027224e-03 2.633814119807680876e-01 5.059362462552203545e-03 2.633814119807680876e-01
5.113563225155027224e-03 2.633814119807680876e-01 5.059362462552203545e-03 2.633814119807680876e-01
5.113563225155027224e-03 2.633814119807680876e-01 5.059362462552203545e-03 2.633814119807680876e-01
-8.820981077808792703e-03 2.365471250455273844e-01 -1.244819231308601486e-03 2.365471250455273844e-01
8.515706789363704232e-03 2.568617871235538974e-01 8.041845251229660929e-03 2.568617871235538974e-01
8.515706789363704232e-03 2.568617871235538974e-01 8.041845251229660929e-03 2.568617871235538974e-01
4.261942438971257248e-03 2.552612227589641236e-01 2.944542457905730340e-03 2.552612227589641236e-01
4.261942438971257248e-03 2.552612227589641236e-01 2.944542457905730340e-03 2.552612227589641236e-01
4.261942438971257248e-03 2.552612227589641236e-01 2.944542457905730340e-03 2.552612227589641236e-01
3.935157362688405241e-03 2.668314984477596630e-01 7.883963049571274945e-03 2.668314984477596630e-01
3.935157362688405241e-03 2.668314984477596630e-01 7.883963049571274945e-03 2.668314984477596630e-01
3.276551131169168352e-03 2.625485596907450314e-01 4.913645201250262454e-03 2.625485596907450314e-01
-7.893368089749710700e-04 2.551789545594420616e-01 -8.536226164568028532e-03 2.551789545594420616e-01
-7.893368089749710700e-04 2.551789545594420616e-01 -8.536226164568028532e-03 2.551789545594420616e-01
-3.846809385525140536e-03 2.430102674232577642e-01 1.038001969246962232e-02 2.430102674232577642e-01
2.749874379985616651e-02 2.210931936372580453e-01 -1.055044649721433719e-02 2.210931936372580453e-01
2.749874379985616651e-02 2.210931936372580453e-01 -1.055044649721433719e-02 2.210931936372580453e-01
-6.098080390702632220e-02 2.163399262208059448e-01 3.958208466228869266e-02 2.163399262208059448e-01
-8.079657166734365015e-02 2.192316076600010211e-01 1.518762780723667029e-02 2.192316076600010211e-01
-9.588093897293248347e-02 2.086456990348325991e-01 5.508761422229007526e-02 2.086456990348325991e-01
-9.003014299128393738e-02 1.541392684723969786e-01 3.594650119460500448e-02 1.541392684723969786e-01
-9.003014299128393738e-02 1.541392684723969786e-01 3.594650119460500448e-02 1.541392684723969786e-01
-1.647704920852355315e-01 1.720386377872707429e-01 8.069425090249011945e-02 1.720386377872707429e-01
-2.652542240764351189e-01 1.775437417070725443e-01 6.665386075424704904e-02 1.775437417070725443e-01
-2.652542240764351189e-01 1.775437417070725443e-01 6.665386075424704904e-02 1.775437417070725443e-01
-1.698129817875384806e-01 8.103901384159048482e-02 3.716467687139343723e-02 8.103901384159048482e-02
8.090406430400606808e-02 4.733507571014378655e-03 -1.148998218722876649e-02 4.733507571014378655e-03
8.090406430400606808e-02 4.733507571014378655e-03 -1.148998218722876649e-02 4.733507571014378655e-03
-2.502373464627121180e-01 2.913975993453781985e-02 1.460623208044902572e-03 2.913975993453781985e-02
-2.502373464627121180e-01 2.913975993453781985e-02 1.460623208044902572e-03 2.913975993453781985e-02
-2.214011714695760524e-01 -1.872045945225080457e-02 2.708918491817305374e-02 -1.872045945225080457e-02
1.736017060409722201e-01 1.409883138653784083e-02 -3.535632926492524031e-02 1.409883138653784083e-02
-8.980971898672214515e-02 -2.911736801404024577e-02 1.633726139728942928e-02 -2.911736801404024577e-02
-2.666178011639357970e-01 -1.377314827575611966e-01 4.358089754364061902e-02 -1.377314827575611966e-01
-2.760173422510224794e-01 -1.370480834230462797e-01 2.281676620484891088e-02 -1.370480834230462797e-01
-2.960834739889138811e-01 -1.604499638641191106e-01 3.038016504641190621e-02 -1.604499638641191106e-01
-2.936426037131866784e-01 -1.837607153605334553e-01 3.236000643334438487e-02 -1.837607153605334553e-01
-3.681664971476416026e-01 -1.347635488210880694e-01 4.792825380758246323e-02 -1.347635488210880694e-01
-3.681664971476416026e-01 -1.347635488210880694e-01 4.792825380758246323e-02 -1.347635488210880694e-01
-2.622740307644769175e-01 -1.931078292747361591e-01 5.604428629000654527e-02 -1.931078292747361591e-01
-3.056082908373865537e-01 -2.237446318777905063e-01 4.508927014584614840e-02 -2.237446318777905063e-01
-1.890981043181909627e-01 -2.373421798567088570e-01 7.802681447948059401e-02 -2.373421798567088570e-01
-2.895653314328668904e-01 -2.083745121242839837e-01 5.259465757694722216e-02 -2.083745121242839837e-01
-3.096773365441737869e-01 -2.526155581527559923e-01 5.778384538784110680e-02 -2.526155581527559923e-01
-3.270506671188525005e-01 -1.853063804991539054e-01 2.608076783781936372e-02 -1.853063804991539054e-01
-3.083835867693446864e-01 -2.358042983788055658e-01 5.800468796023419693e-02 -2.358042983788055658e-01
-3.083835867693446864e-01 -2.358042983788055658e-01 5.800468796023419693e-02 -2.358042983788055658e-01
-3.138765793968262829e-01 -2.428763450313543015e-01 6.037802318104122656e-02 -2.428763450313543015e-01
-3.412667184665523212e-01 -2.393382270184089833e-01 5.432025454569769374e-02 -2.393382270184089833e-01
-3.412667184665523212e-01 -2.393382270184089833e-01 5.432025454569769374e-02 -2.393382270184089833e-01
-3.376675131883503100e-01 -2.669200241124135564e-01 6.018089868703924844e-02 -2.669200241124135564e-01
-3.093513670656093950e-01 -2.439358926996829380e-01 8.829677968376295483e-02 -2.439358926996829380e-01
-3.214227396764350320e-01 -2.400386839467267275e-01 8.104286783138957284e-02 -2.400386839467267275e-01
-3.432807894979573171e-01 -2.249257879124006154e-01 6.786721061706316172e-02 -2.249257879124006154e-01
-3.269487048916349115e-01 -1.929766998767894204e-01 5.464085179777873613e-02 -1.929766998767894204e-01
-3.496492008936143425e-01 -1.951231747266179983e-01 6.439091874598297516e-02 -1.951231747266179983e-01
-3.808424010933472159e-01 -1.999100105027965812e-01 5.342126435736871404e-02 -1.999100105027965812e-01
-3.808424010933472159e-01 -1.999100105027965812e-01 5.342126435736871404e-02 -1.999100105027965812e-01
-3.678842511451165809e-01 -1.958439278984056842e-01 7.259090762145592457e-02 -1.958439278984056842e-01
-3.706416372487492672e-01 -1.671048431043820892e-01 6.511241717925990435e-02 -1.671048431043820892e-01
-3.706416372487492672e-01 -1.671048431043820892e-01 6.511241717925990435e-02 -1.671048431043820892e-01
-3.932634061236950362e-01 -1.930955055729872138e-01 1.061074164335024383e-01 -1.930955055729872138e-01
-4.297334861565653696e-01 -1.840746066885834420e-01 6.717968986419001198e-02 -1.840746066885834420e-01
-3.442667138216637390e-01 -1.687415365153102920e-01 1.176230213081682352e-01 -1.687415365153102920e-01
-4.040264652398869449e-01 -1.336652041386119927e-01 6.655944606193611723e-02 -1.336652041386119927e-01
-4.040264652398869449e-01 -1.336652041386119927e-01 6.655944606193611723e-02 -1.336652041386119927e-01
-5.075874226718940507e-01 -1.249315955720830956e-01 5.810809446063924105e-02 -1.249315955720830956e-01
-5.124825927184962771e-01 -1.108839752421678787e-01 4.288532719270359700e-02 -1.108839752421678787e-01
-5.299489186336794333e-01 -1.139216094937180734e-01 5.950014819016882089e-02 -1.139216094937180734e-01
-5.098600717165555629e-01 -1.344814590040269708e-01 3.988650415786570286e-02 -1.344814590040269708e-01
-4.946228389478687371e-01 -3.391307001819520578e-02 6.139967591726357664e-03 -3.391307001819520578e-02
4.856736008511058217e-02 -7.413874306724454956e-05 -4.796295135963284800e-03 -7.413874306724454956e-05
-4.359593288435468228e-01 7.800971848922123864e-03 3.931874093813428513e-03 7.800971848922123864e-03
-2.234281476858452076e-01 -8.036946227310650444e-04 7.522947086559331198e-02 -8.036946227310650444e-04
-4.167301730341528287e-01 7.852070753614934229e-02 -2.929040887948583527e-02 7.852070753614934229e-02
-4.369118435238072973e-01 1.124640593232119345e-02 6.862064746136497390e-03 1.124640593232119345e-02
-4.379096281590995621e-01 5.228899345219778505e-02 -8.714832513682057441e-03 5.228899345219778505e-02
-1.113584596965362244e-01 8.580950688679629679e-02 1.752190286515808992e-02 8.580950688679629679e-02
-4.103707124443620180e-01 1.097393212787484279e-01 -2.944859552621784810e-02 1.097393212787484279e-01
-4.257230416251767680e-01 7.657175667067041280e-02 -1.766411476190721599e-02 7.657175667067041280e-02
-4.526887886366715574e-01 7.647656636239215378e-02 5.158924203570091488e-02 7.647656636239215378e-02
-4.606419745662137522e-01 1.030074559437514081e-01 6.972129098724271466e-03 1.030074559437514081e-01
-4.606419745662137522e-01 1.030074559437514081e-01 6.972129098724271466e-03 1.030074559437514081e-01
-3.981406494249512540e-01 1.092201204392805325e-01 -2.648751484928375116e-02 1.092201204392805325e-01
4.529610125110401092e-02 1.234884885880240951e-01 -2.050227031136435743e-02 1.234884885880240951e-01
-4.191328177262600985e-01 9.111250606354101556e-02 5.342730583590598985e-03 9.111250606354101556e-02
-8.383264158997499882e-02 8.684921957111257917e-02 2.976448463378252723e-02 8.684921957111257917e-02
-3.906002419089642519e-01 9.163742828953866382e-02 1.198702544655436478e-02 9.163742828953866382e-02
-3.750942430623409041e-01 1.057733563653221326e-01 -1.213315629637154273e-02 1.057733563653221326e-01
-3.750942430623409041e-01 1.057733563653221326e-01 -1.213315629637154273e-02 1.057733563653221326e-01
4.058100073907303096e-02 1.406381683404836214e-01 -2.197933103755607756e-02 1.406381683404836214e-01
4.018805403496038264e-02 1.426110494706465393e-01 -2.269222298780080097e-02 1.426110494706465393e-01
4.018805403496038264e-02 1.426110494706465393e-01 -2.269222298780080097e-02 1.426110494706465393e-01
5.350262119876496303e-02 1.443119341490309571e-01 -2.206756285972739234e-02 1.443119341490309571e-01
5.350262119876496303e-02 1.443119341490309571e-01 -2.206756285972739234e-02 1.443119341490309571e-01
2.256894789242790481e-02 1.506685687760093428e-01 -2.659180267856392499e-02 1.506685687760093428e-01
-8.166359883218721194e-02 1.158280299150338116e-01 7.005586470786374573e-03 1.158280299150338116e-01
-8.166359883218721194e-02 1.158280299150338116e-01 7.005586470786374573e-03 1.158280299150338116e-01
3.578629173342558201e-02 1.358441203802838726e-01 -2.351627069310599158e-02 1.358441203802838726e-01
3.691005956701482599e-02 1.516684163851821365e-01 -2.512268688584338647e-02 1.516684163851821365e-01
3.691005956701482599e-02 1.516684163851821365e-01 -2.512268688584338647e-02 1.516684163851821365e-01
-2.194730725627283829e-01 5.681718601334929258e-02 4.670462447866523953e-02 5.681718601334929258e-02
3.564534200802756125e-02 1.512816024933286152e-01 -2.456741423480648251e-02 1.512816024933286152e-01
3.564534200802756125e-02 1.512816024933286152e-01 -2.456741423480648251e-02 1.512816024933286152e-01
-3.444958306085637578e-01 1.444862884773322198e-01 9.896974452747264001e-05 1.444862884773322198e-01
3.342230738755445907e-02 1.448010764091886560e-01 -2.095297084032836724e-02 1.448010764091886560e-01
-3.823431510162252911e-01 1.912947705382008756e-01 9.381479306765725529e-03 1.912947705382008756e-01
-7.649546623395316047e-02 9.500289458159816292e-02 3.472049761633490272e-02 9.500289458159816292e-02
-3.552750371858635070e-01 1.800727652638839937e-01 -2.280095786014187109e-03 1.800727652638839937e-01
-2.825955840178356882e-01 1.415118846710768097e-01 4.143644589007611928e-03 1.415118846710768097e-01
-3.132243315645808490e-01 2.168251620588677597e-01 -2.230995213401340896e-02 2.168251620588677597e-01
-3.132243315645808490e-01 2.168251620588677597e-01 -2.230995213401340896e-02 2.168251620588677597e-01
-2.942714352096537089e-01 1.869745864352507780e-01 -9.647989894960335051e-04 1.869745864352507780e-01
-2.942714352096537089e-01 1.869745864352507780e-01 -9.647989894960335051e-04 1.869745864352507780e-01
-3.068011599367824749e-01 1.926932644807357875e-01 -3.479816775167205757e-03 1.926932644807357875e-01
-3.068011599367824749e-01 1.926932644807357875e-01 -3.479816775167205757e-03 1.926932644807357875e-01
-3.068011599367824749e-01 1.926932644807357875e-01 -3.479816775167205757e-03 1.926932644807357875e-01
-3.068011599367824749e-01 1.926932644807357875e-01 -3.479816775167205757e-03 1.926932644807357875e-01
-3.068011599367824749e-01 1.926932644807357875e-01 -3.479816775167205757e-03 1.926932644807357875e-01
-3.622912321450463824e-01 2.989758776734166013e-01 -1.610749374955513027e-02 2.989758776734166013e-01
-3.622912321450463824e-01 2.989758776734166013e-01 -1.610749374955513027e-02 2.989758776734166013e-01
-3.622912321450463824e-01 2.989758776734166013e-01 -1.610749374955513027e-02 2.989758776734166013e-01
-3.622912321450463824e-01 2.989758776734166013e-01 -1.610749374955513027e-02 2.989758776734166013e-01
-3.622912321450463824e-01 2.989758776734166013e-01 -1.610749374955513027e-02 2.989758776734166013e-01
-3.622912321450463824e-01 2.989758776734166013e-01 -1.610749374955513027e-02 2.989758776734166013e-01
-3.622912321450463824e-01 2.989758776734166013e-01 -1.610749374955513027e-02 2.989758776734166013e-01
-3.658985844344338489e-01 2.860712188778196108e-01 -1.481210290943659434e-02 2.860712188778196108e-01
-3.658985844344338489e-01 2.860712188778196108e-01 -1.481210290943659434e-02 2.860712188778196108e-01
-3.658985844344338489e-01 2.860712188778196108e-01 -1.481210290943659434e-02 2.860712188778196108e-01
-3.658985844344338489e-01 2.860712188778196108e-01 -1.481210290943659434e-02 2.860712188778196108e-01
-3.658985844344338489e-01 2.860712188778196108e-01 -1.481210290943659434e-02 2.860712188778196108e-01
-3.658985844344338489e-01 2.860712188778196108e-01 -1.481210290943659434e-02 2.860712188778196108e-01
-3.913539171856700305e-01 2.874864504220601136e-01 2.604001017958590403e-02 2.874864504220601136e-01
-3.913539171856700305e-01 2.874864504220601136e-01 2.604001017958590403e-02 2.874864504220601136e-01
-3.913539171856700305e-01 2.874864504220601136e-01 2.604001017958590403e-02 2.874864504220601136e-01
-3.913539171856700305e-01 2.874864504220601136e-01 2.604001017958590403e-02 2.874864504220601136e-01
-3.913539171856700305e-01 2.874864504220601136e-01 2.604001017958590403e-02 2.874864504220601136e-01
-3.913539171856700305e-01 2.874864504220601136e-01 2.604001017958590403e-02 2.874864504220601136e-01
-8.469588048801172941e-02 1.071090315766943246e-01 2.308717212028450413e-02 1.071090315766943246e-01
-8.469588048801172941e-02 1.071090315766943246e-01 2.308717212028450413e-02 1.071090315766943246e-01
-8.469588048801172941e-02 1.071090315766943246e-01 2.308717212028450413e-02 1.071090315766943246e-01
-8.469588048801172941e-02 1.071090315766943246e-01 2.308717212028450413e-02 1.071090315766943246e-01
-8.469588048801172941e-02 1.071090315766943246e-01 2.308717212028450413e-02 1.071090315766943246e-01
-1.921872530097782500e-02 2.223973191286389428e-01 1.081328268955865368e-02 2.223973191286389428e-01
-6.801046558017342925e-02 1.997192011420844404e-01 2.821661779863867195e-02 1.997192011420844404e-01
-1.541121407131038901e-01 5.488823498126973455e-01 1.139217650242161373e-01 5.488823498126973455e-01
-2.448566434602560127e-01 -4.352825759127847416e-01 5.586254634191172713e-02 -4.352825759127847416e-01
-2.448566434602560127e-01 -4.352825759127847416e-01 5.586254634191172713e-02 -4.352825759127847416e-01
-2.616785814923833775e-01 -4.231569825835387322e-01 7.131597085667758240e-02 -4.231569825835387322e-01
-3.157915068992925844e-01 -3.725272057500200740e-01 4.969808809408934880e-02 -3.725272057500200740e-01
-9.401041068465047779e-02 7.738941140663942175e-02 3.488613362309650467e-02 7.738941140663942175e-02
-1.090652462609033591e-01 1.370420172794785674e-01 5.866186769469420442e-02 1.370420172794785674e-01
-2.855612743646557816e-01 2.177672838943666422e-01 -3.264774167212850658e-02 2.177672838943666422e-01
-3.037818576677734361e-01 1.588187826770676159e-01 9.191633904641298772e-03 1.588187826770676159e-01
-3.077301228958238544e-01 2.356631665590869784e-01 -3.241758740337402633e-02 2.356631665590869784e-01
-3.264209709411668991e-01 2.128041558155167878e-01 -3.972428881397584328e-03 2.128041558155167878e-01
-3.256097085035730143e-01 2.191998202880651447e-01 -5.264450462278524867e-03 2.191998202880651447e-01
-3.256097085035730143e-01 2.191998202880651447e-01 -5.264450462278524867e-03 2.191998202880651447e-01
-3.148435660308058215e-01 2.070068175522266074e-01 -1.295959135943001647e-02 2.070068175522266074e-01
-1.249947932965058545e-01 1.291602284744597651e-01 5.025325157188407360e-02 1.291602284744597651e-01
-1.249947932965058545e-01 1.291602284744597651e-01 5.025325157188407360e-02 1.291602284744597651e-01
-2.930824284088912601e-01 2.202446561141327974e-01 -1.962531525247714764e-02 2.202446561141327974e-01
-3.428116837354576174e-01 3.069856129043967985e-01 -1.688600195319895844e-02 3.069856129043967985e-01
-2.811254785664809019e-01 2.268737740488193100e-01 -2.452102909997586760e-02 2.268737740488193100e-01
-2.811254785664809019e-01 2.268737740488193100e-01 -2.452102909997586760e-02 2.268737740488193100e-01
-3.437327421442210040e-01 2.984506441042282798e-01 -2.994759083869501584e-02 2.984506441042282798e-01
-3.077828277985210081e-01 2.636757246157320211e-01 -3.841043676858121869e-02 2.636757246157320211e-01
-2.828019594455010166e-01 2.135860763886575364e-01 -3.093768424225607633e-02 2.135860763886575364e-01
-3.199208328498730491e-01 2.979092179952650965e-01 -3.563460061801845824e-02 2.979092179952650965e-01
-1.990206152147966923e-01 1.418917220519283207e-01 2.339095661189186798e-02 1.418917220519283207e-01
1.558917504477560501e-01 1.490735256997407221e-01 -6.486265787239352265e-02 1.490735256997407221e-01
-2.912569473333511683e-01 1.290631730283174905e-01 -2.245393597938507776e-02 1.290631730283174905e-01
-2.912569473333511683e-01 1.290631730283174905e-01 -2.245393597938507776e-02 1.290631730283174905e-01
-2.860576851408259125e-01 1.811272012185382099e-02 -1.329081775223770433e-02 1.811272012185382099e-02
-1.784277285860816908e-01 -2.186750934686942233e-02 3.564339126259176427e-02 -2.186750934686942233e-02
-1.784277285860816908e-01 -2.186750934686942233e-02 3.564339126259176427e-02 -2.186750934686942233e-02
-2.291025392425734275e-01 -3.224214637506139097e-02 -1.427589392973075202e-02 -3.224214637506139097e-02
-1.494469189387193087e-01 -7.481648901709984922e-02 3.164452766843172532e-02 -7.481648901709984922e-02
-1.733018132590814775e-01 -6.356408678480979235e-02 1.427691997800921431e-02 -6.356408678480979235e-02
-8.275943980158469160e-02 2.608242310667872529e-02 -1.964178510016442378e-02 2.608242310667872529e-02
-1.733770400260595534e-01 -8.330865329325204405e-02 -1.426089667748098658e-02 -8.330865329325204405e-02
-1.080529326800177131e-01 -1.252710649084174677e-01 3.324311683476564167e-02 -1.252710649084174677e-01
-1.440114367710242371e-01 -1.376508481568315678e-01 1.404851157923076369e-02 -1.376508481568315678e-01
-1.440114367710242371e-01 -1.376508481568315678e-01 1.404851157923076369e-02 -1.376508481568315678e-01
-9.255698679348972613e-02 -1.424541202663938966e-01 2.423713814718492579e-02 -1.424541202663938966e-01
-1.020381501795100537e-01 -2.041783406635876985e-01 2.792737023729804924e-02 -2.041783406635876985e-01
-1.020381501795100537e-01 -2.041783406635876985e-01 2.792737023729804924e-02 -2.041783406635876985e-01
-9.617775013199202083e-02 -2.301979274357753291e-01 1.839515690145308423e-03 -2.301979274357753291e-01
4.905365991491306144e-02 -1.764526569086309615e-01 -2.694723433618106956e-02 -1.764526569086309615e-01
4.905365991491306144e-02 -1.764526569086309615e-01 -2.694723433618106956e-02 -1.764526569086309615e-01
-7.273619416768391244e-02 -2.508966687379798888e-01 -2.150828192129678948e-02 -2.508966687379798888e-01
-7.530688188242058712e-02 -2.484394116270911002e-01 1.184590916039470788e-02 -2.484394116270911002e-01
-4.100808388476775979e-02 -2.649029036098886070e-01 2.472162154143358465e-02 -2.649029036098886070e-01
-3.073318349324960508e-02 -2.693765219091104335e-01 2.699936048962742544e-02 -2.693765219091104335e-01
-1.777566124574337866e-02 -2.689975436779810658e-01 1.783971042034469823e-02 -2.689975436779810658e-01
-1.787595133348600027e-02 -2.724724436723952037e-01 7.061870904287559370e-03 -2.724724436723952037e-01
-6.943385248453413927e-03 -2.772658948983148797e-01 1.456445922178467058e-02 -2.772658948983148797e-01
-6.943385248453413927e-03 -2.772658948983148797e-01 1.456445922178467058e-02 -2.772658948983148797e-01
-1.335424603532285592e-02 -2.844507946294920209e-01 2.141108682512551584e-02 -2.844507946294920209e-01
-5.847773464787559689e-02 -2.618943148660908826e-01 2.069937064330584775e-02 -2.618943148660908826e-01
-5.847773464787559689e-02 -2.618943148660908826e-01 2.069937064330584775e-02 -2.618943148660908826e-01
-6.665497259563587899e-03 -2.763971032671295736e-01 2.762051164869855704e-02 -2.763971032671295736e-01
-1.655760839193207504e-02 -2.695660633006861651e-01 9.392199122021211224e-03 -2.695660633006861651e-01
-1.196804963296489721e-02 -2.736085221579269144e-01 1.885329547189293006e-02 -2.736085221579269144e-01
-2.360900151807440728e-02 -2.699496539812306639e-01 9.891074402480751551e-03 -2.699496539812306639e-01
-2.360900151807440728e-02 -2.699496539812306639e-01 9.891074402480751551e-03 -2.699496539812306639e-01
-1.485138122790880845e-02 -2.783042497193799480e-01 2.905261308061190054e-02 -2.783042497193799480e-01
-1.797631968937575195e-02 -2.682685412238051681e-01 9.578677273309804327e-03 -2.682685412238051681e-01
-1.797631968937575195e-02 -2.682685412238051681e-01 9.578677273309804327e-03 -2.682685412238051681e-01
-2.451868089994273942e-02 -2.725134125881411573e-01 3.113501377730209163e-04 -2.725134125881411573e-01
-5.211772088025029559e-02 -2.535541343725320473e-01 2.685684282518075242e-02 -2.535541343725320473e-01
-5.211772088025029559e-02 -2.535541343725320473e-01 2.685684282518075242e-02 -2.535541343725320473e-01
-1.515276981830260272e-02 -2.798576798628100715e-01 1.783524112632432074e-02 -2.798576798628100715e-01
-1.515276981830260272e-02 -2.798576798628100715e-01 1.783524112632432074e-02 -2.798576798628100715e-01
-2.016859105627516122e-02 -2.658932573989983283e-01 4.740899233771461198e-03 -2.658932573989983283e-01
-1.196804963296489721e-02 -2.736085221579269144e-01 1.885329547189293006e-02 -2.736085221579269144e-01
-1.196804963296489721e-02 -2.736085221579269144e-01 1.885329547189293006e-02 -2.736085221579269144e-01
-1.869537470288430009e-02 -2.670863998408921081e-01 4.576290098871305459e-03 -2.670863998408921081e-01
-1.074320124686202124e-02 -2.749997854880515957e-01 1.856010640155490027e-02 -2.749997854880515957e-01
-1.074320124686202124e-02 -2.749997854880515957e-01 1.856010640155490027e-02 -2.749997854880515957e-01
-9.355324781635429923e-03 -2.759274458352543591e-01 2.899663193561938246e-02 -2.759274458352543591e-01
-1.461129295963843437e-02 -2.710889706161939694e-01 8.379621351913285263e-03 -2.710889706161939694e-01
-1.461129295963843437e-02 -2.710889706161939694e-01 8.379621351913285263e-03 -2.710889706161939694e-01
-9.514617367528763886e-03 -2.763867667963267882e-01 1.826279144030334978e-02 -2.763867667963267882e-01
-8.192734543632104738e-03 -2.764893420456324691e-01 1.795128136187404758e-02 -2.764893420456324691e-01
-8.192734543632104738e-03 -2.764893420456324691e-01 1.795128136187404758e-02 -2.764893420456324691e-01
-8.192734543632104738e-03 -2.764893420456324691e-01 1.795128136187404758e-02 -2.764893420456324691e-01
-1.286743742445577675e-02 -2.807306436127606775e-01 1.656083813403638402e-02 -2.807306436127606775e-01
-3.144337492370550668e-03 -2.793217151834433420e-01 2.663300703366023800e-02 -2.793217151834433420e-01
-9.269686272263866905e-03 -2.821451319043932204e-01 2.176860797376713175e-02 -2.821451319043932204e-01
-9.269686272263866905e-03 -2.821451319043932204e-01 2.176860797376713175e-02 -2.821451319043932204e-01
-1.359445500351979530e-01 -2.538423439999846210e-01 5.860121118506986942e-02 -2.538423439999846210e-01
-1.070275671985673228e-02 -2.832453605094624183e-01 2.050883885925355518e-02 -2.832453605094624183e-01
-7.975499080142733205e-03 -2.821797051670158485e-01 2.129757552537604043e-02 -2.821797051670158485e-01
-5.552133199522869475e-03 -2.766889230435160552e-01 1.731881943112429170e-02 -2.766889230435160552e-01
-5.552133199522869475e-03 -2.766889230435160552e-01 1.731881943112429170e-02 -2.766889230435160552e-01
-1.019931818305817167e-02 -2.795004283338593520e-01 1.582890496998792113e-02 -2.795004283338593520e-01
-4.233282390731307222e-03 -2.767858865403660107e-01 1.699802908466694143e-02 -2.767858865403660107e-01
-6.680323224845882528e-03 -2.822132367046597534e-01 2.082755984773927357e-02 -2.822132367046597534e-01
-6.680323224845882528e-03 -2.822132367046597534e-01 2.082755984773927357e-02 -2.822132367046597534e-01
-6.680323224845882528e-03 -2.822132367046597534e-01 2.082755984773927357e-02 -2.822132367046597534e-01
-6.680323224845882528e-03 -2.822132367046597534e-01 2.082755984773927357e-02 -2.822132367046597534e-01
-8.892428617057650600e-03 -2.807843541253136621e-01 1.547053501016037828e-02 -2.807843541253136621e-01
-6.137226248165162865e-03 -2.837068067200356203e-01 1.488244555862440477e-02 -2.837068067200356203e-01
-2.998145557287027526e-03 -2.781560080726763751e-01 1.668474766090980235e-02 -2.781560080726763751e-01
-2.998145557287027526e-03 -2.781560080726763751e-01 1.668474766090980235e-02 -2.781560080726763751e-01
-2.998145557287027526e-03 -2.781560080726763751e-01 1.668474766090980235e-02 -2.781560080726763751e-01
-1.013108015412282105e-02 -2.689918726385785441e-01 3.327909680180792754e-03 -2.689918726385785441e-01
-1.013108015412282105e-02 -2.689918726385785441e-01 3.327909680180792754e-03 -2.689918726385785441e-01
-6.126822076344492010e-03 -2.812656849094152256e-01 1.504246866036677149e-02 -2.812656849094152256e-01
-7.567395239017519516e-03 -2.808006529922031924e-01 1.510733885994901965e-02 -2.808006529922031924e-01
-3.766394168693629110e-03 -2.781790105553391679e-01 1.550133584516003027e-02 -2.781790105553391679e-01
-3.766394168693629110e-03 -2.781790105553391679e-01 1.550133584516003027e-02 -2.781790105553391679e-01
-1.679271580371314784e-03 -2.782479739901634885e-01 1.635832553088164068e-02 -2.782479739901634885e-01
-1.679271580371314784e-03 -2.782479739901634885e-01 1.635832553088164068e-02 -2.782479739901634885e-01
-1.679271580371314784e-03 -2.782479739901634885e-01 1.635832553088164068e-02 -2.782479739901634885e-01
-1.374382949056896508e-01 -2.537320255380586809e-01 5.672341967932963136e-02 -2.537320255380586809e-01
-1.679271580371314784e-03 -2.782479739901634885e-01 1.635832553088164068e-02 -2.782479739901634885e-01
-4.968580033305210371e-03 -2.836405011290529243e-01 3.397797176567620477e-03 -2.836405011290529243e-01
-4.259608863743319720e-03 -2.834575041736197565e-01 9.059771333777489472e-03 -2.834575041736197565e-01
-4.259608863743319720e-03 -2.834575041736197565e-01 9.059771333777489472e-03 -2.834575041736197565e-01
-6.857014181125099979e-03 -2.837718734346277305e-01 1.161359063407481698e-02 -2.837718734346277305e-01
-4.976732111722406704e-03 -2.736200220390393456e-01 6.806061376771452114e-03 -2.736200220390393456e-01
