0.0 0.0 0.0
0.0	0.0	0.0
0.032	0.032	-0.032
0.064	0.064	-0.064
0.096	0.096	-0.096
0.128	0.128	-0.128
0.16	0.16	-0.16
0.192	0.192	-0.192
0.224	0.224	-0.224
0.256	0.256	-0.256
0.28800000000000003	0.28800000000000003	-0.28800000000000003
0.32000000000000006	0.32000000000000006	-0.32000000000000006
0.3520000000000001	0.3520000000000001	-0.3520000000000001
0.3840000000000001	0.3840000000000001	-0.3840000000000001
0.41600000000000015	0.41600000000000015	-0.41600000000000015
0.4480000000000002	0.4480000000000002	-0.4480000000000002
0.4800000000000002	0.4800000000000002	-0.4800000000000002
0.5120000000000002	0.5120000000000002	-0.5120000000000002
0.5440000000000003	0.5440000000000003	-0.5440000000000003
0.5760000000000003	0.5760000000000003	-0.5760000000000003
0.6080000000000003	0.6080000000000003	-0.6080000000000003
0.6400000000000003	0.6400000000000003	-0.6400000000000003
0.6720000000000004	0.6720000000000004	-0.6720000000000004
0.7040000000000004	0.7040000000000004	-0.7040000000000004
0.7360000000000004	0.7360000000000004	-0.7360000000000004
0.7680000000000005	0.7680000000000005	-0.7680000000000005
0.8000000000000005	0.8000000000000005	-0.8000000000000005
0.8320000000000005	0.8320000000000005	-0.8320000000000005
0.8640000000000005	0.8640000000000005	-0.8640000000000005
0.8960000000000006	0.8960000000000006	-0.8960000000000006
0.9280000000000006	0.9280000000000006	-0.9280000000000006
0.9600000000000006	0.9600000000000006	-0.9600000000000006
0.9920000000000007	0.9920000000000007	-0.9920000000000007
1.0240000000000007	1.0240000000000007	-1.0240000000000007
1.0560000000000007	1.0560000000000007	-1.0560000000000007
1.0880000000000007	1.0880000000000007	-1.0880000000000007
1.1200000000000008	1.1200000000000008	-1.1200000000000008
1.1520000000000008	1.1520000000000008	-1.1520000000000008
1.1840000000000008	1.1840000000000008	-1.1840000000000008
1.2160000000000009	1.2160000000000009	-1.2160000000000009
1.2480000000000009	1.2480000000000009	-1.2480000000000009
1.280000000000001	1.280000000000001	-1.280000000000001
1.312000000000001	1.312000000000001	-1.312000000000001
1.344000000000001	1.344000000000001	-1.344000000000001
1.376000000000001	1.376000000000001	-1.376000000000001
1.408000000000001	1.408000000000001	-1.408000000000001
1.440000000000001	1.440000000000001	-1.440000000000001
1.472000000000001	1.472000000000001	-1.472000000000001
1.5040000000000011	1.5040000000000011	-1.5040000000000011
1.5360000000000011	1.5360000000000011	-1.5360000000000011
1.5680000000000012	1.5680000000000012	-1.5680000000000012
1.6000000000000012	1.6000000000000012	-1.6000000000000012
1.6320000000000012	1.6320000000000012	-1.6320000000000012
1.6640000000000013	1.6640000000000013	-1.6640000000000013
1.6960000000000013	1.6960000000000013	-1.6960000000000013
1.7280000000000013	1.7280000000000013	-1.7280000000000013
1.7600000000000013	1.7600000000000013	-1.7600000000000013
1.7920000000000014	1.7920000000000014	-1.7920000000000014
1.8240000000000014	1.8240000000000014	-1.8240000000000014
1.8560000000000014	1.8560000000000014	-1.8560000000000014
1.8880000000000015	1.8880000000000015	-1.8880000000000015
1.9200000000000015	1.9200000000000015	-1.9200000000000015
1.9520000000000015	1.9520000000000015	-1.9520000000000015
1.9840000000000015	1.9840000000000015	-1.9840000000000015
2.0160000000000013	2.0160000000000013	-2.0160000000000013
2.0480000000000014	2.0480000000000014	-2.0480000000000014
2.0800000000000014	2.0800000000000014	-2.0800000000000014
2.1120000000000014	2.1120000000000014	-2.1120000000000014
2.1440000000000015	2.1440000000000015	-2.1440000000000015
2.1760000000000015	2.1760000000000015	-2.1760000000000015
2.2080000000000015	2.2080000000000015	-2.2080000000000015
2.2400000000000015	2.2400000000000015	-2.2400000000000015
2.2720000000000016	2.2720000000000016	-2.2720000000000016
2.3040000000000016	2.3040000000000016	-2.3040000000000016
2.3360000000000016	2.3360000000000016	-2.3360000000000016
2.3680000000000017	2.3680000000000017	-2.3680000000000017
2.4000000000000017	2.4000000000000017	-2.4000000000000017
2.4320000000000017	2.4320000000000017	-2.4320000000000017
2.4640000000000017	2.4640000000000017	-2.4640000000000017
2.4960000000000018	2.4960000000000018	-2.4960000000000018
2.528000000000002	2.528000000000002	-2.528000000000002
2.560000000000002	2.560000000000002	-2.560000000000002
2.592000000000002	2.592000000000002	-2.592000000000002
2.624000000000002	2.624000000000002	-2.624000000000002
2.656000000000002	2.656000000000002	-2.656000000000002
2.688000000000002	2.688000000000002	-2.688000000000002
2.720000000000002	2.720000000000002	-2.720000000000002
2.752000000000002	2.752000000000002	-2.752000000000002
2.784000000000002	2.784000000000002	-2.784000000000002
2.816000000000002	2.816000000000002	-2.816000000000002
2.848000000000002	2.848000000000002	-2.848000000000002
2.880000000000002	2.880000000000002	-2.880000000000002
2.912000000000002	2.912000000000002	-2.912000000000002
2.944000000000002	2.944000000000002	-2.944000000000002
2.976000000000002	2.976000000000002	-2.976000000000002
3.0080000000000022	3.0080000000000022	-3.0080000000000022
3.0400000000000023	3.0400000000000023	-3.0400000000000023
3.0720000000000023	3.0720000000000023	-3.0720000000000023
3.1040000000000023	3.1040000000000023	-3.1040000000000023
3.1360000000000023	3.1360000000000023	-3.1360000000000023
3.1680000000000024	3.1680000000000024	-3.1680000000000024
3.2000000000000024	3.2000000000000024	-3.2000000000000024
3.2320000000000024	3.2320000000000024	-3.2320000000000024
3.2640000000000025	3.2640000000000025	-3.2640000000000025
3.2960000000000025	3.2960000000000025	-3.2960000000000025
3.3280000000000025	3.3280000000000025	-3.3280000000000025
3.3600000000000025	3.3600000000000025	-3.3600000000000025
3.3920000000000026	3.3920000000000026	-3.3920000000000026
3.4240000000000026	3.4240000000000026	-3.4240000000000026
3.4560000000000026	3.4560000000000026	-3.4560000000000026
3.4880000000000027	3.4880000000000027	-3.4880000000000027
3.5200000000000027	3.5200000000000027	-3.5200000000000027
3.5520000000000027	3.5520000000000027	-3.5520000000000027
3.5840000000000027	3.5840000000000027	-3.5840000000000027
3.6160000000000028	3.6160000000000028	-3.6160000000000028
3.648000000000003	3.648000000000003	-3.648000000000003
3.680000000000003	3.680000000000003	-3.680000000000003
3.712000000000003	3.712000000000003	-3.712000000000003
3.744000000000003	3.744000000000003	-3.744000000000003
3.776000000000003	3.776000000000003	-3.776000000000003
3.808000000000003	3.808000000000003	-3.808000000000003
3.840000000000003	3.840000000000003	-3.840000000000003
3.872000000000003	3.872000000000003	-3.872000000000003
3.904000000000003	3.904000000000003	-3.904000000000003
3.936000000000003	3.936000000000003	-3.936000000000003
3.968000000000003	3.968000000000003	-3.968000000000003
4.000000000000003	4.000000000000003	-4.000000000000003
4.032000000000003	4.032000000000003	-4.032000000000003
4.064000000000003	4.064000000000003	-4.064000000000003
4.096000000000003	4.096000000000003	-4.096000000000003
4.128000000000003	4.128000000000003	-4.128000000000003
4.160000000000003	4.160000000000003	-4.160000000000003
4.192000000000003	4.192000000000003	-4.192000000000003
4.224000000000003	4.224000000000003	-4.224000000000003
4.256000000000003	4.256000000000003	-4.256000000000003
4.288000000000003	4.288000000000003	-4.288000000000003
4.320000000000003	4.320000000000003	-4.320000000000003
4.352000000000003	4.352000000000003	-4.352000000000003
4.384000000000003	4.384000000000003	-4.384000000000003
4.416000000000003	4.416000000000003	-4.416000000000003
4.448000000000003	4.448000000000003	-4.448000000000003
4.480000000000003	4.480000000000003	-4.480000000000003
4.512000000000003	4.512000000000003	-4.512000000000003
4.544000000000003	4.544000000000003	-4.544000000000003
4.576000000000003	4.576000000000003	-4.576000000000003
4.608000000000003	4.608000000000003	-4.608000000000003
4.640000000000003	4.640000000000003	-4.640000000000003
4.672000000000003	4.672000000000003	-4.672000000000003
4.704000000000003	4.704000000000003	-4.704000000000003
4.736000000000003	4.736000000000003	-4.736000000000003
4.768000000000003	4.768000000000003	-4.768000000000003
4.800000000000003	4.800000000000003	-4.800000000000003
4.832000000000003	4.832000000000003	-4.832000000000003
4.864000000000003	4.864000000000003	-4.864000000000003
0.0	0.0	0.0
0.032	0.032	-0.032
0.064	0.064	-0.064
0.096	0.096	-0.096
0.128	0.128	-0.128
0.16	0.16	-0.16
0.192	0.192	-0.192
0.224	0.224	-0.224
0.256	0.256	-0.256
0.28800000000000003	0.28800000000000003	-0.28800000000000003
0.32000000000000006	0.32000000000000006	-0.32000000000000006
0.3520000000000001	0.3520000000000001	-0.3520000000000001
0.3840000000000001	0.3840000000000001	-0.3840000000000001
0.41600000000000015	0.41600000000000015	-0.41600000000000015
0.4480000000000002	0.4480000000000002	-0.4480000000000002
0.4800000000000002	0.4800000000000002	-0.4800000000000002
0.5120000000000002	0.5120000000000002	-0.5120000000000002
0.5440000000000003	0.5440000000000003	-0.5440000000000003
0.5760000000000003	0.5760000000000003	-0.5760000000000003
0.6080000000000003	0.6080000000000003	-0.6080000000000003
0.6400000000000003	0.6400000000000003	-0.6400000000000003
0.6720000000000004	0.6720000000000004	-0.6720000000000004
0.7040000000000004	0.7040000000000004	-0.7040000000000004
0.7360000000000004	0.7360000000000004	-0.7360000000000004
0.7680000000000005	0.7680000000000005	-0.7680000000000005
0.8000000000000005	0.8000000000000005	-0.8000000000000005
0.8320000000000005	0.8320000000000005	-0.8320000000000005
0.8640000000000005	0.8640000000000005	-0.8640000000000005
0.8960000000000006	0.8960000000000006	-0.8960000000000006
0.9280000000000006	0.9280000000000006	-0.9280000000000006
0.9600000000000006	0.9600000000000006	-0.9600000000000006
0.9920000000000007	0.9920000000000007	-0.9920000000000007
1.0240000000000007	1.0240000000000007	-1.0240000000000007
1.0560000000000007	1.0560000000000007	-1.0560000000000007
1.0880000000000007	1.0880000000000007	-1.0880000000000007
1.1200000000000008	1.1200000000000008	-1.1200000000000008
1.1520000000000008	1.1520000000000008	-1.1520000000000008
1.1840000000000008	1.1840000000000008	-1.1840000000000008
1.2160000000000009	1.2160000000000009	-1.2160000000000009
1.2480000000000009	1.2480000000000009	-1.2480000000000009
1.280000000000001	1.280000000000001	-1.280000000000001
1.312000000000001	1.312000000000001	-1.312000000000001
1.344000000000001	1.344000000000001	-1.344000000000001
1.376000000000001	1.376000000000001	-1.376000000000001
1.408000000000001	1.408000000000001	-1.408000000000001
1.440000000000001	1.440000000000001	-1.440000000000001
1.472000000000001	1.472000000000001	-1.472000000000001
1.5040000000000011	1.5040000000000011	-1.5040000000000011
1.5360000000000011	1.5360000000000011	-1.5360000000000011
1.5680000000000012	1.5680000000000012	-1.5680000000000012
1.6000000000000012	1.6000000000000012	-1.6000000000000012
1.6320000000000012	1.6320000000000012	-1.6320000000000012
1.6640000000000013	1.6640000000000013	-1.6640000000000013
1.6960000000000013	1.6960000000000013	-1.6960000000000013
1.7280000000000013	1.7280000000000013	-1.7280000000000013
1.7280000000000013	1.7280000000000013	-1.7280000000000013
1.7600000000000013	1.7600000000000013	-1.7600000000000013
1.7920000000000014	1.7920000000000014	-1.7920000000000014
1.8240000000000014	1.8240000000000014	-1.8240000000000014
1.8560000000000014	1.8560000000000014	-1.8560000000000014
1.8880000000000015	1.8880000000000015	-1.8880000000000015
1.9200000000000015	1.9200000000000015	-1.9200000000000015
1.9520000000000015	1.9520000000000015	-1.9520000000000015
1.9840000000000015	1.9840000000000015	-1.9840000000000015
2.0160000000000013	2.0160000000000013	-2.0160000000000013
2.0480000000000014	2.0480000000000014	-2.0480000000000014
2.0800000000000014	2.0800000000000014	-2.0800000000000014
2.1120000000000014	2.1120000000000014	-2.1120000000000014
2.1440000000000015	2.1440000000000015	-2.1440000000000015
2.1760000000000015	2.1760000000000015	-2.1760000000000015
2.2080000000000015	2.2080000000000015	-2.2080000000000015
2.2400000000000015	2.2400000000000015	-2.2400000000000015
2.2720000000000016	2.2720000000000016	-2.2720000000000016
2.3040000000000016	2.3040000000000016	-2.3040000000000016
2.3360000000000016	2.3360000000000016	-2.3360000000000016
2.3680000000000017	2.3680000000000017	-2.3680000000000017
2.4000000000000017	2.4000000000000017	-2.4000000000000017
2.4320000000000017	2.4320000000000017	-2.4320000000000017
2.4640000000000017	2.4640000000000017	-2.4640000000000017
2.4960000000000018	2.4960000000000018	-2.4960000000000018
2.528000000000002	2.528000000000002	-2.528000000000002
2.560000000000002	2.560000000000002	-2.560000000000002
2.592000000000002	2.592000000000002	-2.592000000000002
2.624000000000002	2.624000000000002	-2.624000000000002
2.656000000000002	2.656000000000002	-2.656000000000002
2.688000000000002	2.688000000000002	-2.688000000000002
2.720000000000002	2.720000000000002	-2.720000000000002
2.752000000000002	2.752000000000002	-2.752000000000002
2.784000000000002	2.784000000000002	-2.784000000000002
2.816000000000002	2.816000000000002	-2.816000000000002
2.848000000000002	2.848000000000002	-2.848000000000002
2.880000000000002	2.880000000000002	-2.880000000000002
2.912000000000002	2.912000000000002	-2.912000000000002
2.944000000000002	2.944000000000002	-2.944000000000002
2.976000000000002	2.976000000000002	-2.976000000000002
3.0080000000000022	3.0080000000000022	-3.0080000000000022
3.0400000000000023	3.0400000000000023	-3.0400000000000023
3.0720000000000023	3.0720000000000023	-3.0720000000000023
3.1040000000000023	3.1040000000000023	-3.1040000000000023
3.1360000000000023	3.1360000000000023	-3.1360000000000023
3.1680000000000024	3.1680000000000024	-3.1680000000000024
3.2000000000000024	3.2000000000000024	-3.2000000000000024
3.2320000000000024	3.2320000000000024	-3.2320000000000024
3.2640000000000025	3.2640000000000025	-3.2640000000000025
3.2960000000000025	3.2960000000000025	-3.2960000000000025
3.3280000000000025	3.3280000000000025	-3.3280000000000025
3.3600000000000025	3.3600000000000025	-3.3600000000000025
3.3920000000000026	3.3920000000000026	-3.3920000000000026
3.4240000000000026	3.4240000000000026	-3.4240000000000026
3.4560000000000026	3.4560000000000026	-3.4560000000000026
3.4880000000000027	3.4880000000000027	-3.4880000000000027
3.5200000000000027	3.5200000000000027	-3.5200000000000027
3.5520000000000027	3.5520000000000027	-3.5520000000000027
3.5840000000000027	3.5840000000000027	-3.5840000000000027
3.6160000000000028	3.6160000000000028	-3.6160000000000028
3.648000000000003	3.648000000000003	-3.648000000000003
3.680000000000003	3.680000000000003	-3.680000000000003
3.712000000000003	3.712000000000003	-3.712000000000003
3.744000000000003	3.744000000000003	-3.744000000000003
3.776000000000003	3.776000000000003	-3.776000000000003
3.808000000000003	3.808000000000003	-3.808000000000003
3.840000000000003	3.840000000000003	-3.840000000000003
3.872000000000003	3.872000000000003	-3.872000000000003
3.904000000000003	3.904000000000003	-3.904000000000003
3.936000000000003	3.936000000000003	-3.936000000000003
3.968000000000003	3.968000000000003	-3.968000000000003
4.000000000000003	4.000000000000003	-4.000000000000003
4.032000000000003	4.032000000000003	-4.032000000000003
4.064000000000003	4.064000000000003	-4.064000000000003
4.096000000000003	4.096000000000003	-4.096000000000003
4.128000000000003	4.128000000000003	-4.128000000000003
4.160000000000003	4.160000000000003	-4.160000000000003
4.192000000000003	4.192000000000003	-4.192000000000003
4.224000000000003	4.224000000000003	-4.224000000000003
4.256000000000003	4.256000000000003	-4.256000000000003
4.288000000000003	4.288000000000003	-4.288000000000003
4.288000000000003	4.288000000000003	-4.288000000000003
4.288000000000003	4.288000000000003	-4.288000000000003
4.320000000000003	4.320000000000003	-4.320000000000003
4.352000000000003	4.352000000000003	-4.352000000000003
4.384000000000003	4.384000000000003	-4.384000000000003
4.416000000000003	4.416000000000003	-4.416000000000003
4.448000000000003	4.448000000000003	-4.448000000000003
4.480000000000003	4.480000000000003	-4.480000000000003
4.512000000000003	4.512000000000003	-4.512000000000003
4.544000000000003	4.544000000000003	-4.544000000000003
4.576000000000003	4.576000000000003	-4.576000000000003
4.608000000000003	4.608000000000003	-4.608000000000003
4.640000000000003	4.640000000000003	-4.640000000000003
4.672000000000003	4.672000000000003	-4.672000000000003
4.704000000000003	4.704000000000003	-4.704000000000003
4.736000000000003	4.736000000000003	-4.736000000000003
4.736000000000003	4.736000000000003	-4.736000000000003
0.0	0.0	0.0
0.032	0.032	-0.032
0.064	0.064	-0.064
0.096	0.096	-0.096
0.128	0.128	-0.128
0.16	0.16	-0.16
0.192	0.192	-0.192
0.224	0.224	-0.224
0.256	0.256	-0.256
0.28800000000000003	0.28800000000000003	-0.28800000000000003
0.32000000000000006	0.32000000000000006	-0.32000000000000006
0.3520000000000001	0.3520000000000001	-0.3520000000000001
0.3840000000000001	0.3840000000000001	-0.3840000000000001
0.41600000000000015	0.41600000000000015	-0.41600000000000015
0.4480000000000002	0.4480000000000002	-0.4480000000000002
0.4800000000000002	0.4800000000000002	-0.4800000000000002
0.5120000000000002	0.5120000000000002	-0.5120000000000002
0.5440000000000003	0.5440000000000003	-0.5440000000000003
0.5760000000000003	0.5760000000000003	-0.5760000000000003
0.6080000000000003	0.6080000000000003	-0.6080000000000003
0.6400000000000003	0.6400000000000003	-0.6400000000000003
0.6720000000000004	0.6720000000000004	-0.6720000000000004
0.7040000000000004	0.7040000000000004	-0.7040000000000004
0.7360000000000004	0.7360000000000004	-0.7360000000000004
0.7680000000000005	0.7680000000000005	-0.7680000000000005
0.8000000000000005	0.8000000000000005	-0.8000000000000005
0.8320000000000005	0.8320000000000005	-0.8320000000000005
0.8640000000000005	0.8640000000000005	-0.8640000000000005
0.8960000000000006	0.8960000000000006	-0.8960000000000006
0.9280000000000006	0.9280000000000006	-0.9280000000000006
0.9600000000000006	0.9600000000000006	-0.9600000000000006
0.9920000000000007	0.9920000000000007	-0.9920000000000007
1.0240000000000007	1.0240000000000007	-1.0240000000000007
1.0560000000000007	1.0560000000000007	-1.0560000000000007
1.0880000000000007	1.0880000000000007	-1.0880000000000007
1.1200000000000008	1.1200000000000008	-1.1200000000000008
1.1520000000000008	1.1520000000000008	-1.1520000000000008
1.1840000000000008	1.1840000000000008	-1.1840000000000008
1.2160000000000009	1.2160000000000009	-1.2160000000000009
1.2480000000000009	1.2480000000000009	-1.2480000000000009
1.280000000000001	1.280000000000001	-1.280000000000001
1.312000000000001	1.312000000000001	-1.312000000000001
1.344000000000001	1.344000000000001	-1.344000000000001
1.376000000000001	1.376000000000001	-1.376000000000001
1.408000000000001	1.408000000000001	-1.408000000000001
1.440000000000001	1.440000000000001	-1.440000000000001
1.472000000000001	1.472000000000001	-1.472000000000001
1.5040000000000011	1.5040000000000011	-1.5040000000000011
1.5360000000000011	1.5360000000000011	-1.5360000000000011
1.5680000000000012	1.5680000000000012	-1.5680000000000012
1.6000000000000012	1.6000000000000012	-1.6000000000000012
1.6320000000000012	1.6320000000000012	-1.6320000000000012
1.6640000000000013	1.6640000000000013	-1.6640000000000013
1.6960000000000013	1.6960000000000013	-1.6960000000000013
1.7280000000000013	1.7280000000000013	-1.7280000000000013
1.7600000000000013	1.7600000000000013	-1.7600000000000013
1.7920000000000014	1.7920000000000014	-1.7920000000000014
1.8240000000000014	1.8240000000000014	-1.8240000000000014
1.8560000000000014	1.8560000000000014	-1.8560000000000014
1.8880000000000015	1.8880000000000015	-1.8880000000000015
1.9200000000000015	1.9200000000000015	-1.9200000000000015
1.9520000000000015	1.9520000000000015	-1.9520000000000015
1.9840000000000015	1.9840000000000015	-1.9840000000000015
2.0160000000000013	2.0160000000000013	-2.0160000000000013
2.0480000000000014	2.0480000000000014	-2.0480000000000014
2.0800000000000014	2.0800000000000014	-2.0800000000000014
2.1120000000000014	2.1120000000000014	-2.1120000000000014
2.1440000000000015	2.1440000000000015	-2.1440000000000015
2.1760000000000015	2.1760000000000015	-2.1760000000000015
2.2080000000000015	2.2080000000000015	-2.2080000000000015
2.2400000000000015	2.2400000000000015	-2.2400000000000015
2.2720000000000016	2.2720000000000016	-2.2720000000000016
2.3040000000000016	2.3040000000000016	-2.3040000000000016
2.3360000000000016	2.3360000000000016	-2.3360000000000016
2.3680000000000017	2.3680000000000017	-2.3680000000000017
2.4000000000000017	2.4000000000000017	-2.4000000000000017
2.4320000000000017	2.4320000000000017	-2.4320000000000017
2.4640000000000017	2.4640000000000017	-2.4640000000000017
2.4640000000000017	2.4640000000000017	-2.4640000000000017
2.4960000000000018	2.4960000000000018	-2.4960000000000018
2.528000000000002	2.528000000000002	-2.528000000000002
2.560000000000002	2.560000000000002	-2.560000000000002
2.592000000000002	2.592000000000002	-2.592000000000002
2.624000000000002	2.624000000000002	-2.624000000000002
2.656000000000002	2.656000000000002	-2.656000000000002
2.688000000000002	2.688000000000002	-2.688000000000002
2.720000000000002	2.720000000000002	-2.720000000000002
2.752000000000002	2.752000000000002	-2.752000000000002
2.784000000000002	2.784000000000002	-2.784000000000002
2.816000000000002	2.816000000000002	-2.816000000000002
2.848000000000002	2.848000000000002	-2.848000000000002
2.880000000000002	2.880000000000002	-2.880000000000002
2.912000000000002	2.912000000000002	-2.912000000000002
2.944000000000002	2.944000000000002	-2.944000000000002
2.976000000000002	2.976000000000002	-2.976000000000002
3.0080000000000022	3.0080000000000022	-3.0080000000000022
3.0400000000000023	3.0400000000000023	-3.0400000000000023
3.0720000000000023	3.0720000000000023	-3.0720000000000023
3.1040000000000023	3.1040000000000023	-3.1040000000000023
3.1360000000000023	3.1360000000000023	-3.1360000000000023
3.1680000000000024	3.1680000000000024	-3.1680000000000024
3.2000000000000024	3.2000000000000024	-3.2000000000000024
3.2320000000000024	3.2320000000000024	-3.2320000000000024
3.2640000000000025	3.2640000000000025	-3.2640000000000025
3.2960000000000025	3.2960000000000025	-3.2960000000000025
3.3280000000000025	3.3280000000000025	-3.3280000000000025
3.3600000000000025	3.3600000000000025	-3.3600000000000025
3.3920000000000026	3.3920000000000026	-3.3920000000000026
3.4240000000000026	3.4240000000000026	-3.4240000000000026
3.4560000000000026	3.4560000000000026	-3.4560000000000026
3.4880000000000027	3.4880000000000027	-3.4880000000000027
3.5200000000000027	3.5200000000000027	-3.5200000000000027
3.5520000000000027	3.5520000000000027	-3.5520000000000027
3.5840000000000027	3.5840000000000027	-3.5840000000000027
3.6160000000000028	3.6160000000000028	-3.6160000000000028
3.648000000000003	3.648000000000003	-3.648000000000003
3.680000000000003	3.680000000000003	-3.680000000000003
3.712000000000003	3.712000000000003	-3.712000000000003
3.744000000000003	3.744000000000003	-3.744000000000003
3.776000000000003	3.776000000000003	-3.776000000000003
3.808000000000003	3.808000000000003	-3.808000000000003
3.840000000000003	3.840000000000003	-3.840000000000003
3.872000000000003	3.872000000000003	-3.872000000000003
3.904000000000003	3.904000000000003	-3.904000000000003
3.936000000000003	3.936000000000003	-3.936000000000003
3.968000000000003	3.968000000000003	-3.968000000000003
4.000000000000003	4.000000000000003	-4.000000000000003
4.032000000000003	4.032000000000003	-4.032000000000003
4.064000000000003	4.064000000000003	-4.064000000000003
4.096000000000003	4.096000000000003	-4.096000000000003
4.128000000000003	4.128000000000003	-4.128000000000003
4.160000000000003	4.160000000000003	-4.160000000000003
4.192000000000003	4.192000000000003	-4.192000000000003
4.224000000000003	4.224000000000003	-4.224000000000003
4.256000000000003	4.256000000000003	-4.256000000000003
4.288000000000003	4.288000000000003	-4.288000000000003
4.320000000000003	4.320000000000003	-4.320000000000003
4.352000000000003	4.352000000000003	-4.352000000000003
4.384000000000003	4.384000000000003	-4.384000000000003
4.416000000000003	4.416000000000003	-4.416000000000003
4.448000000000003	4.448000000000003	-4.448000000000003
4.480000000000003	4.480000000000003	-4.480000000000003
4.512000000000003	4.512000000000003	-4.512000000000003
4.544000000000003	4.544000000000003	-4.544000000000003
4.576000000000003	4.576000000000003	-4.576000000000003
4.608000000000003	4.608000000000003	-4.608000000000003
4.640000000000003	4.640000000000003	-4.640000000000003
4.672000000000003	4.672000000000003	-4.672000000000003
4.704000000000003	4.704000000000003	-4.704000000000003
4.736000000000003	4.736000000000003	-4.736000000000003
4.768000000000003	4.768000000000003	-4.768000000000003
4.800000000000003	4.800000000000003	-4.800000000000003
0.0	0.0	0.0
0.032	0.032	-0.032
0.064	0.064	-0.064
0.096	0.096	-0.096
0.128	0.128	-0.128
0.16	0.16	-0.16
0.192	0.192	-0.192
0.224	0.224	-0.224
0.256	0.256	-0.256
0.28800000000000003	0.28800000000000003	-0.28800000000000003
0.32000000000000006	0.32000000000000006	-0.32000000000000006
0.3520000000000001	0.3520000000000001	-0.3520000000000001
0.3840000000000001	0.3840000000000001	-0.3840000000000001
0.41600000000000015	0.41600000000000015	-0.41600000000000015
0.4480000000000002	0.4480000000000002	-0.4480000000000002
0.4800000000000002	0.4800000000000002	-0.4800000000000002
0.5120000000000002	0.5120000000000002	-0.5120000000000002
0.5440000000000003	0.5440000000000003	-0.5440000000000003
0.5760000000000003	0.5760000000000003	-0.5760000000000003
0.6080000000000003	0.6080000000000003	-0.6080000000000003
0.6400000000000003	0.6400000000000003	-0.6400000000000003
0.6720000000000004	0.6720000000000004	-0.6720000000000004
0.7040000000000004	0.7040000000000004	-0.7040000000000004
0.7360000000000004	0.7360000000000004	-0.7360000000000004
0.7680000000000005	0.7680000000000005	-0.7680000000000005
0.8000000000000005	0.8000000000000005	-0.8000000000000005
0.8320000000000005	0.8320000000000005	-0.8320000000000005
0.8640000000000005	0.8640000000000005	-0.8640000000000005
0.8960000000000006	0.8960000000000006	-0.8960000000000006
0.9280000000000006	0.9280000000000006	-0.9280000000000006
0.9600000000000006	0.9600000000000006	-0.9600000000000006
0.9920000000000007	0.9920000000000007	-0.9920000000000007
1.0240000000000007	1.0240000000000007	-1.0240000000000007
1.0560000000000007	1.0560000000000007	-1.0560000000000007
1.0880000000000007	1.0880000000000007	-1.0880000000000007
1.1200000000000008	1.1200000000000008	-1.1200000000000008
1.1520000000000008	1.1520000000000008	-1.1520000000000008
1.1840000000000008	1.1840000000000008	-1.1840000000000008
1.1840000000000008	1.1840000000000008	-1.1840000000000008
1.2160000000000009	1.2160000000000009	-1.2160000000000009
1.2480000000000009	1.2480000000000009	-1.2480000000000009
1.280000000000001	1.280000000000001	-1.280000000000001
1.312000000000001	1.312000000000001	-1.312000000000001
1.344000000000001	1.344000000000001	-1.344000000000001
1.376000000000001	1.376000000000001	-1.376000000000001
1.408000000000001	1.408000000000001	-1.408000000000001
1.440000000000001	1.440000000000001	-1.440000000000001
1.472000000000001	1.472000000000001	-1.472000000000001
1.5040000000000011	1.5040000000000011	-1.5040000000000011
1.5360000000000011	1.5360000000000011	-1.5360000000000011
1.5680000000000012	1.5680000000000012	-1.5680000000000012
1.6000000000000012	1.6000000000000012	-1.6000000000000012
1.6320000000000012	1.6320000000000012	-1.6320000000000012
1.6640000000000013	1.6640000000000013	-1.6640000000000013
1.6960000000000013	1.6960000000000013	-1.6960000000000013
1.7280000000000013	1.7280000000000013	-1.7280000000000013
1.7600000000000013	1.7600000000000013	-1.7600000000000013
1.7920000000000014	1.7920000000000014	-1.7920000000000014
1.8240000000000014	1.8240000000000014	-1.8240000000000014
1.8560000000000014	1.8560000000000014	-1.8560000000000014
1.8880000000000015	1.8880000000000015	-1.8880000000000015
1.9200000000000015	1.9200000000000015	-1.9200000000000015
1.9520000000000015	1.9520000000000015	-1.9520000000000015
1.9840000000000015	1.9840000000000015	-1.9840000000000015
2.0160000000000013	2.0160000000000013	-2.0160000000000013
2.0480000000000014	2.0480000000000014	-2.0480000000000014
2.0800000000000014	2.0800000000000014	-2.0800000000000014
2.1120000000000014	2.1120000000000014	-2.1120000000000014
2.1440000000000015	2.1440000000000015	-2.1440000000000015
2.1760000000000015	2.1760000000000015	-2.1760000000000015
2.2080000000000015	2.2080000000000015	-2.2080000000000015
2.2400000000000015	2.2400000000000015	-2.2400000000000015
2.2720000000000016	2.2720000000000016	-2.2720000000000016
2.3040000000000016	2.3040000000000016	-2.3040000000000016
2.3360000000000016	2.3360000000000016	-2.3360000000000016
2.3680000000000017	2.3680000000000017	-2.3680000000000017
2.4000000000000017	2.4000000000000017	-2.4000000000000017
2.4320000000000017	2.4320000000000017	-2.4320000000000017
2.4640000000000017	2.4640000000000017	-2.4640000000000017
2.4960000000000018	2.4960000000000018	-2.4960000000000018
2.528000000000002	2.528000000000002	-2.528000000000002
2.560000000000002	2.560000000000002	-2.560000000000002
2.592000000000002	2.592000000000002	-2.592000000000002
2.624000000000002	2.624000000000002	-2.624000000000002
2.656000000000002	2.656000000000002	-2.656000000000002
2.688000000000002	2.688000000000002	-2.688000000000002
2.720000000000002	2.720000000000002	-2.720000000000002
2.752000000000002	2.752000000000002	-2.752000000000002
2.784000000000002	2.784000000000002	-2.784000000000002
2.816000000000002	2.816000000000002	-2.816000000000002
2.848000000000002	2.848000000000002	-2.848000000000002
2.848000000000002	2.848000000000002	-2.848000000000002
2.880000000000002	2.880000000000002	-2.880000000000002
2.912000000000002	2.912000000000002	-2.912000000000002
2.944000000000002	2.944000000000002	-2.944000000000002
2.976000000000002	2.976000000000002	-2.976000000000002
3.0080000000000022	3.0080000000000022	-3.0080000000000022
3.0400000000000023	3.0400000000000023	-3.0400000000000023
3.0720000000000023	3.0720000000000023	-3.0720000000000023
3.1040000000000023	3.1040000000000023	-3.1040000000000023
3.1360000000000023	3.1360000000000023	-3.1360000000000023
3.1680000000000024	3.1680000000000024	-3.1680000000000024
3.2000000000000024	3.2000000000000024	-3.2000000000000024
3.2320000000000024	3.2320000000000024	-3.2320000000000024
3.2640000000000025	3.2640000000000025	-3.2640000000000025
3.2960000000000025	3.2960000000000025	-3.2960000000000025
3.3280000000000025	3.3280000000000025	-3.3280000000000025
3.3600000000000025	3.3600000000000025	-3.3600000000000025
3.3920000000000026	3.3920000000000026	-3.3920000000000026
3.4240000000000026	3.4240000000000026	-3.4240000000000026
3.4560000000000026	3.4560000000000026	-3.4560000000000026
3.4880000000000027	3.4880000000000027	-3.4880000000000027
3.5200000000000027	3.5200000000000027	-3.5200000000000027
3.5520000000000027	3.5520000000000027	-3.5520000000000027
3.5840000000000027	3.5840000000000027	-3.5840000000000027
3.6160000000000028	3.6160000000000028	-3.6160000000000028
3.6160000000000028	3.6160000000000028	-3.6160000000000028
3.648000000000003	3.648000000000003	-3.648000000000003
3.680000000000003	3.680000000000003	-3.680000000000003
3.712000000000003	3.712000000000003	-3.712000000000003
3.744000000000003	3.744000000000003	-3.744000000000003
3.776000000000003	3.776000000000003	-3.776000000000003
3.808000000000003	3.808000000000003	-3.808000000000003
3.840000000000003	3.840000000000003	-3.840000000000003
3.872000000000003	3.872000000000003	-3.872000000000003
3.904000000000003	3.904000000000003	-3.904000000000003
3.936000000000003	3.936000000000003	-3.936000000000003
3.968000000000003	3.968000000000003	-3.968000000000003
4.000000000000003	4.000000000000003	-4.000000000000003
4.032000000000003	4.032000000000003	-4.032000000000003
4.064000000000003	4.064000000000003	-4.064000000000003
4.096000000000003	4.096000000000003	-4.096000000000003
4.128000000000003	4.128000000000003	-4.128000000000003
4.160000000000003	4.160000000000003	-4.160000000000003
4.192000000000003	4.192000000000003	-4.192000000000003
4.224000000000003	4.224000000000003	-4.224000000000003
4.256000000000003	4.256000000000003	-4.256000000000003
4.288000000000003	4.288000000000003	-4.288000000000003
4.320000000000003	4.320000000000003	-4.320000000000003
4.352000000000003	4.352000000000003	-4.352000000000003
4.384000000000003	4.384000000000003	-4.384000000000003
4.416000000000003	4.416000000000003	-4.416000000000003
