0.0
0.7392327726771973
0.7392327726771973
0.7392327726771973
0.7392327726771973
0.7401829894356737
0.7411983141184596
0.7409329736509481
0.7409888426980435
0.7405836966169334
0.7410342331972811
0.7410353970196772
0.7410353970196772
0.7410353970196772
0.7410353970196772
0.7410353970196772
0.7413670119428861
0.7418717127418495
0.74286847627763
0.7431296440449496
0.7437236040105009
0.7440470662050972
0.7440470662050972
0.7440470662050972
0.7440470662050972
0.7440470662050972
0.7444202062847739
0.7449031565078705
0.745280496749616
0.7453105831442927
0.745494546602157
0.7452423084225872
0.745139305904825
0.745139305904825
0.745139305904825
0.745139305904825
0.745139305904825
0.7449957730360879
0.7446298706336955
0.7441954175849318
0.7425410162970927
0.7430983087593555
0.7432004337148146
0.7424225377566683
0.7424225377566683
0.7424225377566683
0.7424225377566683
0.7424225377566683
0.7419182116646347
0.7413332754491113
0.7390087401113866
0.7380827185074339
0.7352225868002421
0.7352225868002421
0.732951626299781
0.732951626299781
0.732951626299781
0.732951626299781
0.7315960401255145
0.7296850061167598
0.7259203189164047
0.7230037262260919
0.7196056694143754
0.7164202504655706
0.7147944678542386
0.7147944678542386
0.7147944678542386
0.7147944678542386
0.7147944678542386
0.7081773003417614
0.7026929205666032
0.6978726357747387
0.6911720768048096
0.6868374111767007
0.683805840580485
0.6805833854981468
0.6805833854981468
0.6805833854981468
0.6805833854981468
0.677075616208924
0.669616137411393
0.6624255365988181
0.6544237054036771
0.6507630197317613
0.6459010166028857
0.6430077474869621
0.6430077474869621
0.6430077474869621
0.6430077474869621
0.6430077474869621
0.6388997949248556
0.6347489536752706
0.627136712683191
0.6191120127437925
0.6111230635764549
0.6025260869379893
0.5993011863203939
0.5993011863203939
0.5993011863203939
0.5993011863203939
0.5993011863203939
0.5947508592397911
0.5866007019378113
0.5771713671999562
0.5697889265028333
0.5620717927557634
0.5573614494877905
0.5541725237670619
0.5541725237670619
0.5541725237670619
0.5541725237670619
0.5541725237670619
0.5460816363506967
0.5380229624654073
0.5309344333881019
0.5243621716545686
0.5208852030557763
0.5187964809873528
0.5150727018164607
0.512595343515927
0.5093615054826416
0.5057882466319455
0.5025209017536669
0.5006208944493344
0.49683900651334195
0.4936923797687799
0.4936923797687799
0.4890782080400305
0.4851974728751374
0.4851974728751374
0.4824917008170623
0.47681711882419997
0.47681711882419997
0.47543868364765585
0.4707445298686117
0.4707445298686117
0.4676823558052848
0.46576799475023406
0.46111753949421097
0.46111753949421097
0.45905370922413946
0.4547633317728419
0.4547633317728419
0.4522321212695037
0.4504167725242989
0.44885354328699734
0.4458421950620838
0.4448913954845303
0.4430245565601917
0.4397988224553778
0.4392788576618348
0.43653739995096724
0.43524936978914514
0.4332613797788872
0.4314141831825546
0.42905682052288574
0.4269248730058514
0.4257576770984171
0.42435158487904406
0.42130021161933545
0.4199798265597895
0.4183729610113842
0.4163416762664967
0.414762303616422
0.4130203150801387
0.41086392986722353
0.40885862071349965
0.4082654582915938
0.4062515686511351
0.40414442945768075
0.4026071799300899
0.40121238582948204
0.3990699962535884
0.397773386840797
0.3956581514742779
0.39331452637844894
0.39182723551926535
0.39182723551926535
0.39091714327675425
0.38874020236244344
0.38446599590357206
0.38446599590357206
0.3815093094195878
0.3815093094195878
0.3810207109265033
0.3787276959354069
0.376777961472446
0.3756615798734815
0.3736519968166848
0.3722066275370767
0.3701153797631501
0.36906063862584015
0.3662951517172533
0.3655975627468591
0.36381455310644883
0.36201561516067526
0.36080576304336925
0.3586384250700031
0.3573930109886829
0.35625219667068253
0.3551490020834839
0.35372311531142425
0.3509743836530612
0.348629704096064
0.34824110418371795
0.3452639602490269
0.3449665827486714
0.34409295988044264
0.342487628645355
0.3399398638294409
0.33946002913283496
0.337661599984683
0.33536528789101777
0.33467022955236736
0.33292105428014085
0.33128762092344516
0.3298317944726195
0.32923508810000507
0.3275279842211097
0.3260685965329933
0.3243075989475544
0.3231994346384783
0.3218437005376643
0.31931218083800333
0.3180998725880385
0.3177499350884269
0.3157787491094745
0.3139627881534758
0.31190961399604017
0.3109708632451405
0.30842280323397436
0.3064225778549241
0.304460201781312
0.3023054186927622
0.30045395317788043
0.2979838384300758
0.29612573990710117
0.29612573990710117
0.2938159455021415
0.28926029187570945
0.28926029187570945
0.2857838290758166
0.2857838290758166
0.28380637691122557
0.2796831516287779
0.2780285274696907
0.2780285274696907
0.2760861202781134
0.2740418458744761
0.2716712791577423
0.27051008833672374
0.26882787888601456
0.2643113992439703
0.2643113992439703
0.2628356925568247
0.26120641779425874
0.2598325872138466
0.2578166587950278
0.25646166137977305
0.25519749033274275
0.2531037669735153
0.2518124650869295
0.24999757682007936
0.2486207791322395
0.24767893163711507
0.24552461348464436
0.2449091347966913
0.2433193265735631
0.24125836227939076
0.23956514917421437
0.23867790786988932
0.23748976338681568
0.23539974425223134
0.23527514563986573
0.2343459048102761
0.23228329248841584
0.2306999349638186
0.22840061756813157
0.2274622504507757
0.2256922966564389
0.2231444077856712
0.22110211961993834
0.2196580793184151
0.21722207437069638
0.21608359023088153
0.21374405533084792
0.21122352972625305
0.2078028296411141
0.20549073054052416
0.20276988618819217
0.20117716518254644
0.20117716518254644
0.20117716518254644
0.20117716518254644
0.19620723844367757
0.1895083940282809
0.18552546348151444
0.18275277571021128
0.18014334761559128
0.18014334761559128
0.17726704616649802
0.17323168208368006
0.17323168208368006
0.17323168208368006
0.17323168208368006
0.17323168208368006
0.16803586999875708
0.16221761024537168
0.1569539224012433
0.1506053971134818
0.14647143465567553
0.14332882478010908
0.1399063165745089
0.1399063165745089
0.1399063165745089
0.1399063165745089
0.1399063165745089
0.1341409718128415
0.13168172299160594
0.12502293443355217
0.11884107623462502
0.11380693082283694
0.11149487891030392
0.10969350034039765
0.10969350034039765
0.10969350034039765
0.10969350034039765
0.10969350034039765
0.10351263944199819
0.0997188623033867
0.09553148746123122
0.09206514367205489
0.09045862860212171
0.08964457536954949
0.08853129572616474
0.08853129572616474
0.08853129572616474
0.08853129572616474
0.08853129572616474
0.08853129572616474
0.08651122949184172
0.08599127749445362
0.084962129744142
0.08486056111280005
0.08345662474559794
0.08318750929314186
0.08318750929314186
0.08318750929314186
0.08318750929314186
0.08318750929314186
0.08318750929314186
0.08255267946518491
0.08190240048703365
0.08270923693459692
0.08306300808698897
0.0820601985920103
0.08126814416394383
0.07982264321015715
0.07982264321015715
0.07982264321015715
0.07982264321015715
0.07982264321015715
0.07982264321015715
0.08005998636818881
0.08005998636818881
0.08003843880048105
0.07874574688243605
0.07855934020213469
0.07855934020213469
0.07831744942716284
0.07831744942716284
0.07831744942716284
0.07831744942716284
0.07831744942716284
0.07846047502113215
0.07732001655616655
0.07632084840686496
0.0756512049982344
0.07421250965417173
0.07421250965417173
0.07170652016107194
0.07170652016107194
0.07170652016107194
0.07170652016107194
0.07170652016107194
0.07057912234928639
0.07071340775061537
0.07056690191419354
0.0723053824069546
0.07205446650017985
0.07314734307418215
0.07314734307418215
0.07314734307418215
0.07314734307418215
0.07314734307418215
0.07415438125984171
0.0746759079107521
0.07537710552820487
0.0735705713490403
0.07261483895559459
0.07259108144180451
0.07251976220260252
0.07371110743003122
0.07371110743003122
0.07371110743003122
0.07371110743003122
0.07371110743003122
0.07479130885722139
0.07692863352654765
0.0784824558242028
0.08063959431937127
0.08195503361404351
0.08350827829064675
0.08350827829064675
0.08350827829064675
0.08350827829064675
0.08350827829064675
0.08428951504193642
0.08639151832357564
0.08895889173877265
0.09132210180966614
0.09595485287611454
0.09668905206062475
0.09862311293373043
0.09862311293373043
0.09862311293373043
0.09862311293373043
0.09862311293373043
0.09862311293373043
0.10289424888189158
0.10577088333351743
0.10892819667837003
0.11163402531544492
0.11225804977909913
0.11225804977909913
0.11309997781299223
0.11309997781299223
0.11309997781299223
0.11309997781299223
0.11328283965885609
0.1133893728828574
0.11096764008895349
0.11089767064487197
0.11089767064487197
0.11070307903918314
0.10948101497323502
0.10948101497323502
0.10948101497323502
0.10948101497323502
0.10948101497323502
0.11054715913216995
0.11172669331035796
0.11094432184400961
0.1100153785426452
0.10911804988853323
0.10779805695841352
0.10562401325572948
0.10562401325572948
0.10562401325572948
0.10562401325572948
0.1041935963586752
0.10134027403059206
0.09906809053359805
0.09799146934868898
0.09830779844410707
0.098928705180667
0.09847434023978711
0.09847434023978711
0.09847434023978711
0.09847434023978711
0.09847434023978711
0.09999523591442472
0.09923335635111505
0.09869304601320326
0.09750620721045786
0.09630474317380863
0.09476102311164447
0.09476102311164447
0.09476102311164447
0.09476102311164447
0.09476102311164447
0.0924857266913185
0.09111410006533849
0.091652040800623
0.09082969369029642
0.08909451465148852
0.08807225232178546
0.08807225232178546
0.08807225232178546
0.08807225232178546
0.08807225232178546
0.08748273932236778
0.08615159695779273
0.0839614592506893
0.08237488796838265
0.08129997449775664
0.08107689973688852
0.08118320226023744
0.08118320226023744
0.08118320226023744
0.08118320226023744
0.08118320226023744
0.07949785150689666
0.07815209464470213
0.07690620862196784
0.07361744651872065
0.0720424963254149
0.07044458096607761
0.07044458096607761
0.07044458096607761
0.07044458096607761
0.07044458096607761
0.06920948204310431
0.0673015428101722
0.06569333529318791
0.06290343559532606
0.059839965400778
0.05852848481411404
0.05852848481411404
0.05852848481411404
0.05852848481411404
0.05852848481411404
0.05852848481411404
0.05679347760592462
0.05539437072678246
0.05253365897197402
0.05019989018788507
0.04891205274362569
0.04834452603031236
0.04834452603031236
0.04834452603031236
0.04834452603031236
0.04834452603031236
0.048255247051020043
0.04839801436608621
0.04786044107335874
0.050780649986304986
0.052812006627864734
0.052812006627864734
0.053622302593858945
0.053622302593858945
0.053622302593858945
0.053622302593858945
0.053622302593858945
0.05424593167016169
0.055642916543492515
0.05495671082796913
0.05554984218247055
0.055332059828853086
0.05531647113722695
0.05550324647273383
0.05550324647273383
0.05550324647273383
0.05550324647273383
0.05550324647273383
0.05565841380505007
0.05635137965976837
0.05709637830140351
0.05715676581516348
0.056641419829428136
0.05787650160642868
0.05827744688606425
0.05827744688606425
0.05827744688606425
0.05827744688606425
0.05827744688606425
0.05876377615407147
0.05711148116591876
0.0575926817179472
0.057950960020861815
0.059507558722566446
0.060327994308796866
0.06034228834863937
0.06034228834863937
0.06034228834863937
0.06034228834863937
0.06034228834863937
0.06105272356378609
0.06165715112754579
0.06280738928580416
0.06283484606931712
0.06389645854934162
0.06372075140315153
0.0638829597726938
0.0638829597726938
0.0638829597726938
0.0638829597726938
0.0641658377309143
0.06439392402073332
0.06483438920137811
0.06594229866085513
0.06617729472850549
0.06646338379741139
0.06802804581076846
0.06849551118483795
0.06927176000229372
0.06981741065273354
0.07100551257176843
0.07261483895559459
0.07435183238567786
0.07435183238567786
0.07410784571634443
0.07700706926678001
0.07700706926678001
0.07705185384123547
0.07835047850690224
0.07740919768910404
0.07742033810762458
0.07742033810762458
0.07510200568517043
0.07510200568517043
0.07427059255392476
0.073582292940981
0.073582292940981
0.07276907373542982
0.07146557015128269
0.07123591275693551
0.07068901119727566
0.07050576796707375
0.06785032715645802
0.06785032715645802
0.06713474814776586
0.06546977610214699
0.06460785791246908
0.06404475731281188
0.06247696670792989
0.06247696670792989
0.06147504395606002
0.06098205248608392
0.061838722018897584
0.06018486719301676
0.0611656274486004
0.062061464647398805
0.06225571070812652
0.0632861632024138
0.06471455964976296
0.06521900897844964
0.06579827679026365
0.06570646214621013
0.06577205711327508
0.0663594941148369
0.06569333529318808
0.06552244688790047
0.065496116789635
0.06552244688790047
0.06544342481265057
0.065496116789635
0.06554876640970421
0.06685153222361803
0.06713474814776596
0.06735278114481923
0.06953271831451559
0.07049353481560368
0.07049353481560368
0.07236499605580388
0.07324160515333487
0.07382801647642143
0.07382801647642143
0.0752282179906227
0.07583338757390916
0.07642248160061729
0.07708542519734496
0.07884425435328642
0.08017839447995857
0.08017839447995857
0.08145893960000729
0.08273008887919507
0.08352893076488145
0.08589092587023957
0.08589092587023957
0.08762064711549979
0.08725570333965965
0.08837529332174114
0.08837529332174114
0.08902672902105008
0.08885218565280999
0.08885218565280999
0.08885218565280999
0.08889100268640168
0.08889100268640168
0.08957720598673538
0.09021996366034356
0.09021996366034356
0.09145422024449522
0.09396588835380446
0.09396588835380446
0.0949247021911141
0.09606264716534813
0.09888510696552227
0.10021922828036776
0.10394498327149358
0.10394498327149358
0.10624275024293758
0.10661550453511207
0.10718829824692924
0.10802982085065543
0.1088569163588086
0.11023465770377634
0.10923654058463292
0.10923654058463292
0.10923654058463292
0.10835664119922418
0.10967777480088019
0.11003889363932132
0.11205042776735664
0.1126568362917612
0.11423051251608937
0.11449445529663202
0.11469765329348099
0.11439649049646138
0.11441156746397282
0.1131304753132939
0.1115567431841225
0.11108415789091287
0.10947313722435112
0.10775804728589328
0.10544422757092002
0.10386197999763881
0.10270128791267404
0.10198500352273468
0.10002110678784662
0.09962368179791657
0.09868430708849374
0.09763879061106029
0.09608060112254907
0.09545020326904673
0.09512437192586455
0.09437800133709544
0.09239242925337625
0.09140705701086804
0.08944231499014556
0.0901530242536373
0.0901530242536373
0.08519527806578864
0.08342561726737903
0.08125753128186598
0.07997376126361495
0.07764281080216771
0.07764281080216771
0.07670408945877377
0.07536566308327694
0.07536566308327694
0.07411948234132253
0.0735705713490403
0.0735705713490403
0.07319448928795504
0.07159819300203862
0.07157409803484041
0.07157409803484041
0.07170652016107182
0.07081090991033591
0.07081090991033591
0.07065240057184341
0.07153794036744837
0.0717906616100382
0.07242456063585817
0.07386305310726803
0.07399137881156402
0.07359401266598022
0.07381633390391754
0.07421250965417181
0.074641252835217
0.07362916064824317
0.07324160515333492
0.07482589443542002
0.07396806342456272
0.07445615334920919
0.07491804458663845
0.07499858308983143
0.07453719093417566
0.07464125283521701
0.07505605768106212
0.07545715405849163
0.07670408945877376
0.07686133918488003
0.07672657343682042
0.0776428108021677
0.07593567319374842
0.07528551727381048
0.07538854623640283
0.07604916253101611
0.07616248275857382
0.0759810892702929
0.07538854623640286
0.07790893946868975
0.07971452634730322
0.08035031297159753
0.08176539579658954
0.08343595437382681
0.08459591196298012
0.08464687029057164
0.0856798048810603
0.08752216372244122
0.08714691182818492
0.08764033051395442
0.08828742083247616
0.08786637267260902
0.08786637267260902
0.08884247874442326
0.08934583959264847
0.08934583959264847
0.08904610160946808
0.09058248585870277
0.08943267213366887
0.09094356297072617
0.09094356297072617
0.09073469346171786
0.0918212620683527
0.09197141958823375
0.09201829356283196
0.0937361537957301
0.09296008712805257
0.09296008712805257
0.09184004518444747
0.09184004518444747
0.08885218565281006
0.08885218565281006
0.08817990220646366
0.08534698818428672
0.08534698818428672
0.08499257666493436
0.08499257666493436
0.08445306506725887
0.08370427106069486
0.08187080436916495
0.08187080436916495
0.08220720354417704
0.08181811705798117
0.08221769384008454
0.08109817138876627
0.08023215858073623
0.07815209464470214
0.07815209464470214
0.0769734637363703
0.07686133918487997
0.07674905082808528
0.07655778264771039
0.07606050215122839
0.07643376583568814
0.07557136201556833
0.07545715405849161
0.07539998520866142
0.07351193535395219
0.072709791384461
0.07226959061411369
0.07147763694244524
0.07029751487463035
0.06989148750184877
0.06797731646306382
0.06672240030427769
0.06558822588939493
0.06467456712787789
0.06280738928580408
0.06272494682285398
0.06210313995012408
0.0611656274486006
0.059767860343379796
0.059406022290024445
0.057532751751956865
0.05565841380504995
0.055518782721175906
0.05456297663550013
0.05268120269542732
0.05128762412000635
0.04976853754303853
0.04782438800528665
0.045929412229903176
0.04424616045387769
0.04281976617505088
0.04281976617505088
0.040008442715138724
0.038514732404350535
0.03632523032972841
0.03462342776993321
0.03464832775716451
0.03464832775716451
0.034473650163147664
0.03526511395232923
0.03526511395232922
0.03526511395232922
0.0363489645565858
0.0363489645565858
0.03744750883913809
0.03658545998914151
0.03658545998914151
0.03675010127079758
0.03497041424023147
0.03309516280142613
0.03309516280142613
0.03325115029320926
0.03291224301162256
0.03171114595518313
0.03206275149696948
0.031683937759735804
0.03254331910642316
0.03256980939905237
0.033225203234795615
0.03536280143573517
0.03524064977043782
0.036277715292608974
0.03613479530705696
0.03667963121310714
0.03528956117464319
0.036420074434579036
0.03546021980608249
0.03479735351052695
0.03464832775716445
0.03526511395232917
0.035265113952329195
0.03524064977043764
0.035460219806082424
0.03577499747674583
0.037654212389988395
0.04039459213058837
0.04134418986582948
0.04322070906230388
0.04286002924569999
0.04643363312453048
0.0469875330272503
0.04823737142638328
0.0497512056471472
0.05115292231388294
0.05264845093429128
0.05399095525654279
0.05641256467199304
0.05751775950368876
0.05832182621491184
0.06075535262152349
0.06185266693327471
0.06409859906869604
0.06558822588939497
0.06834425113010507
0.06968139856621099
0.07016243349143206
0.07223378108646435
0.07247217705167652
0.07326515172367586
0.07396806342456269
0.07517087503085265
0.0761285044018711
0.0761285044018711
0.0760605021512284
0.07638861889386632
0.07932408550347599
0.07937842824157797
0.08045757548494001
0.08362180377854433
0.08362180377854433
0.08668053730375719
0.08799387877805656
0.08799387877805656
0.09161439362680188
0.09185882445980668
0.09185882445980668
0.09214941384408876
0.09434144197049535
0.09449672159472146
0.09566680763973
0.09622411218255134
0.09472461157404219
