5.556451583288435e-07	4.399834381274559e-07	3.7031048805147293e-07	0.0	0.0	8.02070374561481e-08
3.0279095426521963e-06	2.3943073301779805e-06	2.0163054159638705e-06	0.0	0.0	4.3345323774701683e-07
0.00015441943833138794	0.00012284859258215874	0.00010259034752380103	0.0	0.0	1.4463917068496812e-05
0.000579486892092973	0.00044955272460356355	0.00038495578337460756	0.0	0.0	1.8175423974753357e-05
0.0012057351414114237	0.0009560271864756942	0.0008069928153418005	0.0	0.0	4.186385922366753e-05
0.00203798059374094	0.001546419458463788	0.001343672862276435	0.0	0.0	0.00010587443102849647
0.0031327290926128626	0.0024105263873934746	0.0020837788470089436	0.0	0.0	0.00011593545059440657
0.004452745895832777	0.0033684181980788708	0.002958146156743169	0.0	0.0	8.655506826471537e-05
0.006042363587766886	0.004511166363954544	0.003993194084614515	0.0	0.0	0.0001854664005804807
0.0077463844791054726	0.005777114536613226	0.005115646403282881	0.0	0.0	0.00023592340585310012
0.009705651551485062	0.007077531423419714	0.006482494994997978	0.0	0.0	0.00022669759346172214
0.011892522685229778	0.008663689717650414	0.007937324233353138	0.0	0.0	0.0002756515168584883
0.014067291282117367	0.010238049551844597	0.009382053278386593	0.0	0.0	0.0003235835465602577
0.016442663967609406	0.011906619183719158	0.010903067886829376	0.0	0.0	0.0006040947046130896
0.019009744748473167	0.013808817602694035	0.012660520151257515	0.0	0.0	0.00043073101551271975
0.021655233576893806	0.01571587100625038	0.014412476681172848	0.0	0.0	0.00048703071661293507
0.02453361265361309	0.017584888264536858	0.01611105538904667	0.0	0.0	0.0006439308635890484
0.027476709336042404	0.01967715099453926	0.018032241612672806	0.0	0.0	0.0007159068481996655
0.029963212087750435	0.021699080243706703	0.019733060151338577	0.0	0.0	0.0008765954407863319
0.03309116140007973	0.024734824895858765	0.02161797136068344	0.0	0.0	0.0016571319429203868
0.03588656708598137	0.026488047093153	0.023327285423874855	0.0	0.0	0.0014136333484202623
0.03867606446146965	0.028520824387669563	0.025125864893198013	0.0	0.0	0.0015126896323636174
0.04121263325214386	0.030018920078873634	0.026886431500315666	0.0	0.0	0.0011488966410979629
0.04372358322143555	0.03182031214237213	0.02850792557001114	0.0	0.0	0.001210364862345159
0.04573250189423561	0.033594343811273575	0.030163941904902458	0.0	0.0	0.000956204195972532
0.04795583710074425	0.0348207950592041	0.031494371592998505	0.0	0.0	0.0009802387794479728
0.049839429557323456	0.03615839034318924	0.0327124185860157	0.0	0.0	0.0010117588099092245
0.05088029056787491	0.03699123114347458	0.033173948526382446	0.0	0.0	0.001939386478625238
0.05244842544198036	0.03827757015824318	0.03405483067035675	0.0	0.0	0.0025588152930140495
0.05365755409002304	0.03910493850708008	0.03511398285627365	0.0	0.0	0.002031362149864435
0.054584115743637085	0.03971314802765846	0.036005910485982895	0.0	0.0	0.0013394710840657353
0.05519206449389458	0.04012373834848404	0.03638668730854988	0.0	0.0	0.0013454001164063811
0.05539771541953087	0.04037667065858841	0.0363127738237381	0.0	0.0	0.0012848437763750553
0.05586351826786995	0.039486125111579895	0.0365532711148262	0.0	0.0	0.0013300227001309395
0.05622955784201622	0.03971714898943901	0.036773622035980225	0.0	0.0	0.0013300227001309395
0.05677716061472893	0.039301421493291855	0.03699536621570587	0.0	0.0	0.0008085169247351587
0.05730618163943291	0.03983380272984505	0.03718831390142441	0.0	0.0	0.001180066610686481
0.057673871517181396	0.040063630789518356	0.03740856796503067	0.0	0.0	0.001180066610686481
0.05792335420846939	0.04147375375032425	0.03760112076997757	0.0	0.0	0.001695392420515418
0.05829549580812454	0.04231474921107292	0.03813750669360161	0.0	0.0	0.0011037285439670086
0.05870141088962555	0.041948672384023666	0.03837883472442627	0.0	0.0	0.0013322129379957914
0.05907971039414406	0.041595377027988434	0.03827427327632904	0.0	0.0	0.0014225459890440106
0.05944709852337837	0.041827280074357986	0.038494471460580826	0.0	0.0	0.0014225459890440106
0.059803418815135956	0.042650241404771805	0.03904302045702934	0.0	0.0	0.0013322129379957914
0.06040530651807785	0.04196674004197121	0.0389225035905838	0.0	0.0	0.0008754057344049215
0.06077372282743454	0.042197562754154205	0.03914265334606171	0.0	0.0	0.0008754057344049215
0.06086040288209915	0.043344415724277496	0.039362307637929916	0.0	0.0	0.001695392420515418
0.06101507693529129	0.04421301186084747	0.039249081164598465	0.0	0.0	0.001803089282475412
0.06138123944401741	0.04444887861609459	0.03946801647543907	0.0	0.0	0.001803089282475412
0.06192148104310036	0.044665560126304626	0.04000218212604523	0.0	0.0	0.0014388450654223561
0.06223880127072334	0.0448964424431324	0.03986281156539917	0.0	0.0	0.00181426084600389
0.06260553002357483	0.04513223096728325	0.04008159413933754	0.0	0.0	0.00181426084600389
0.06297225505113602	0.0453680194914341	0.04030037298798561	0.0	0.0	0.00181426084600389
0.06320510804653168	0.04528187960386276	0.04090394452214241	0.0	0.0	0.0016788142966106534
0.06391274183988571	0.04430481791496277	0.04079360142350197	0.0	0.0	0.0012087654322385788
0.06406477093696594	0.043871767818927765	0.04103677347302437	0.0	0.0	0.0023057381622493267
0.06443146616220474	0.04410052299499512	0.04125583916902542	0.0	0.0	0.0023057381622493267
0.06461868435144424	0.044359587132930756	0.04114025831222534	0.0	0.0	0.002794517669826746
0.06498459726572037	0.04458843916654587	0.041358139365911484	0.0	0.0	0.002794517669826746
0.06535051017999649	0.04481729120016098	0.041576020419597626	0.0	0.0	0.002794517669826746
0.06589823961257935	0.04501553624868393	0.042132094502449036	0.0	0.0	0.0023057381622493267
0.06626492738723755	0.04524429142475128	0.04235116019845009	0.0	0.0	0.0023057381622493267
0.06663162261247635	0.045473046600818634	0.04257022589445114	0.0	0.0	0.0023057381622493267
0.06699831783771515	0.04570179805159569	0.042789287865161896	0.0	0.0	0.0023057381622493267
0.06736411154270172	0.04629481956362724	0.042634960263967514	0.0	0.0	0.0027154588606208563
0.06796922534704208	0.046498894691467285	0.043575625866651535	0.0	0.0	0.001180066610686481
0.068283811211586	0.046723492443561554	0.04341588914394379	0.0	0.0	0.0026733088307082653
0.06822805851697922	0.047301046550273895	0.043304603546857834	0.0	0.0	0.002440824406221509
0.06883087009191513	0.04721447080373764	0.04350605979561806	0.0	0.0	0.0027154588606208563
0.0689995288848877	0.04810704290866852	0.04375588521361351	0.0	0.0	0.001598652801476419
0.06936540454626083	0.04833900183439255	0.04397376626729965	0.0	0.0	0.001598652801476419
0.06988131254911423	0.048193082213401794	0.04452718421816826	0.0	0.0	0.0023965961299836636
0.0701073557138443	0.047792378813028336	0.04440847411751747	0.0	0.0	0.002794517669826746
0.07047326117753983	0.04802123084664345	0.04462635517120361	0.0	0.0	0.002794517669826746
0.07095809280872345	0.048912759870290756	0.045170240104198456	0.0	0.0	0.0024576005525887012
0.07088393718004227	0.04979861155152321	0.04578850418329239	0.0	0.0	0.001441481290385127
0.0713895633816719	0.05035370960831642	0.04560557007789612	0.0	0.0	0.0021131897810846567
0.07224737852811813	0.05127624422311783	0.046547744423151016	0.0	0.0	0.0011037285439670086
0.07261453568935394	0.05151207372546196	0.04676906391978264	0.0	0.0	0.0011037285439670086
0.07298168540000916	0.05174789950251579	0.04699038714170456	0.0	0.0	0.0011037285439670086
0.07334286719560623	0.051294729113578796	0.046847354620695114	0.0	0.0	0.001695392420515418
0.07370999455451965	0.05152856186032295	0.04706750437617302	0.0	0.0	0.001695392420515418
0.07413124293088913	0.05109638720750809	0.04729093611240387	0.0	0.0	0.0011418629437685013
0.07419698685407639	0.05270417779684067	0.0471307747066021	0.0	0.0	0.001803089282475412
0.0745631530880928	0.052940040826797485	0.0473497100174427	0.0	0.0	0.001803089282475412
0.07513166218996048	0.05315454304218292	0.047924865037202835	0.0	0.0	0.0014388450654223561
0.07554565370082855	0.05269772559404373	0.04816824570298195	0.0	0.0	0.001695392420515418
0.07591278105974197	0.05293155834078789	0.048388395458459854	0.0	0.0	0.001695392420515418
0.07589580863714218	0.054214101284742355	0.04819231852889061	0.0	0.0	0.0023661586456000805
0.07626146823167801	0.05445089191198349	0.04841114953160286	0.0	0.0	0.0023661586456000805
0.07662712782621384	0.054687682539224625	0.04862998053431511	0.0	0.0	0.0023661586456000805
0.07711230963468552	0.05666797235608101	0.049192044883966446	0.0	0.0	0.002180669456720352
0.07747841626405716	0.05690948665142059	0.04941195249557495	0.0	0.0	0.002180669456720352
0.07743556052446365	0.05816890299320221	0.049212731420993805	0.0	0.0	0.002426107879728079
0.07780012488365173	0.0584130696952343	0.04943133145570755	0.0	0.0	0.002426107879728079
0.07816469669342041	0.05865723639726639	0.049649931490421295	0.0	0.0	0.002426107879728079
0.07852926105260849	0.05890140309929848	0.04986853152513504	0.0	0.0	0.002426107879728079
0.07924440503120422	0.05879303440451622	0.05049116164445877	0.0	0.0	0.0015303826658055186
0.07925839722156525	0.059389740228652954	0.05030573159456253	0.0	0.0	0.002426107879728079
0.07962296158075333	0.05963390693068504	0.050524331629276276	0.0	0.0	0.002426107879728079
0.08034202456474304	0.059522826224565506	0.05115069821476936	0.0	0.0	0.0015303826658055186
0.08070789277553558	0.05976609140634537	0.051370542496442795	0.0	0.0	0.0015303826658055186
0.08044227957725525	0.0607013925909996	0.05119848996400833	0.0	0.0	0.0021804498974233866
0.08143963664770126	0.06025262176990509	0.051810234785079956	0.0	0.0	0.0015303826658055186
0.08185545355081558	0.05978788062930107	0.052044112235307693	0.0	0.0	0.001403608825057745
0.08222555369138718	0.060026295483112335	0.0522744320333004	0.0	0.0	0.0017860591178759933
0.08259162306785583	0.060267746448516846	0.0524943508207798	0.0	0.0	0.0017860591178759933
0.0829056054353714	0.05871894955635071	0.05278310179710388	0.0	0.0	0.0009003481245599687
0.0834750160574913	0.059306010603904724	0.05296900123357773	0.0	0.0	0.0014117939863353968
0.08363736420869827	0.059192560613155365	0.053223349153995514	0.0	0.0	0.0009003481245599687
0.08430539816617966	0.05904967337846756	0.053426727652549744	0.0	0.0	0.0014388450654223561
0.08436912298202515	0.05966617166996002	0.053663596510887146	0.0	0.0	0.0009003481245599687
0.0852188989520073	0.0606394000351429	0.05424148589372635	0.0	0.0	0.0010126624256372452
0.08536678552627563	0.06050357222557068	0.05449755862355232	0.0	0.0	0.001451430027373135
0.08573359996080399	0.06074132025241852	0.054718825966119766	0.0	0.0	0.001451430027373135
0.08588939160108566	0.06318062543869019	0.05487938970327377	0.0	0.0	0.0011967752361670136
0.08594480156898499	0.06379950791597366	0.055117543786764145	0.0	0.0	0.0010293368250131607
0.08630980551242828	0.06404370814561844	0.05533868819475174	0.0	0.0	0.0010293368250131607
0.08719667792320251	0.0642625018954277	0.05550779774785042	0.0	0.0	0.001731745433062315
0.0872935801744461	0.06414485722780228	0.05532776191830635	0.0	0.0	0.0015303826658055186
0.08765944838523865	0.06438811868429184	0.05554760992527008	0.0	0.0	0.0015303826658055186
0.08770911395549774	0.06501155346632004	0.05578483268618584	0.0	0.0	0.0009912867099046707
0.08800598978996277	0.06598146259784698	0.05598834529519081	0.0	0.0	0.0017827864503487945
0.08837054669857025	0.06622736901044846	0.05620819330215454	0.0	0.0	0.0017827864503487945
0.08873511105775833	0.06647328287363052	0.05642804130911827	0.0	0.0	0.0017827864503487945
0.08909966796636581	0.066719189286232	0.056647889316082	0.0	0.0	0.0017827864503487945
0.08985468000173569	0.06584770977497101	0.056866683065891266	0.0	0.0	0.0015303826658055186
0.09022054821252823	0.06609097123146057	0.0570865273475647	0.0	0.0	0.0015303826658055186
0.09013235569000244	0.06670551002025604	0.056412577629089355	0.0	0.0	0.0004868860123679042
0.09112048149108887	0.06431380659341812	0.057127419859170914	0.0	0.0	0.002727475017309189
0.09149186313152313	0.06490170210599899	0.05823517590761185	0.0	0.0	0.00158724095672369
0.09185830503702164	0.06514032930135727	0.05845637992024422	0.0	0.0	0.00158724095672369
0.09196740388870239	0.06580878049135208	0.05781031399965286	0.0	0.0	0.001736123114824295
0.09233300387859344	0.06604845821857452	0.058029115200042725	0.0	0.0	0.001736123114824295
0.09236523509025574	0.06668774038553238	0.05825116112828255	0.0	0.0	0.0019049475667998195
0.09290871024131775	0.06538642197847366	0.05852116644382477	0.0	0.0	0.0014091337798163295
0.09327380359172821	0.06562332063913345	0.05874011665582657	0.0	0.0	0.0014091337798163295
0.09412083029747009	0.06622219830751419	0.05934920907020569	0.0	0.0	0.0012655756436288357
0.09411043673753738	0.06682855635881424	0.059116244316101074	0.0	0.0	0.002466322388499975
0.0942937433719635	0.06859702616930008	0.059289511293172836	0.0	0.0	0.002329078037291765
0.09457024186849594	0.06964478641748428	0.05948691442608833	0.0	0.0	0.002426107879728079
0.0952775776386261	0.06948717683553696	0.059698719531297684	0.0	0.0	0.002094278344884515
0.09564323723316193	0.06973042339086533	0.059917300939559937	0.0	0.0	0.002094278344884515
0.09600890427827835	0.0699736624956131	0.06013588234782219	0.0	0.0	0.002094278344884515
0.09644035995006561	0.07022646814584732	0.06082390248775482	0.0	0.0	0.0015303826658055186
0.0967402309179306	0.07046014815568924	0.060573045164346695	0.0	0.0	0.002094278344884515
0.09723429381847382	0.06992590427398682	0.06129111349582672	0.0	0.0	0.0017860591178759933
0.09753797203302383	0.0709562674164772	0.061483439058065414	0.0	0.0	0.0015303826658055186
0.09790384769439697	0.07119952887296677	0.061703283339738846	0.0	0.0	0.0015303826658055186
0.09794271737337112	0.07024389505386353	0.06098972633481026	0.0	0.0	0.000735135399736464
0.09847623109817505	0.07011651247739792	0.06125762686133385	0.0	0.0	0.0024965398479253054
0.0988163948059082	0.07074087113142014	0.06241532042622566	0.0	0.0	0.0015796622028574347
0.09918168932199478	0.07098142057657242	0.06263530254364014	0.0	0.0	0.0015796622028574347
0.09954699128866196	0.0712219700217247	0.06285528838634491	0.0	0.0	0.0015796622028574347
0.0999574288725853	0.07264287769794464	0.062043510377407074	0.0	0.0	0.00043600640492513776
0.10079382359981537	0.07251917570829391	0.06324134767055511	0.0	0.0	0.0015496793203055859
0.10039961338043213	0.07119613885879517	0.06258397549390793	0.0	0.0	0.002579617779701948
0.10112614929676056	0.07055263221263885	0.06329163163900375	0.0	0.0	0.0023661586456000805
0.10182052105665207	0.07121558487415314	0.06396965682506561	0.0	0.0	0.0012655756436288357
0.10185746103525162	0.07102621346712112	0.06372929364442825	0.0	0.0	0.0023661586456000805
0.10265287756919861	0.07083993405103683	0.06443045288324356	0.0	0.0	0.0014388450654223561
0.1030198261141777	0.07107573747634888	0.0646505281329155	0.0	0.0	0.0014388450654223561
0.1029544323682785	0.07173658162355423	0.064385786652565	0.0	0.0	0.0023661586456000805
0.10332009196281433	0.07197337597608566	0.06460461765527725	0.0	0.0	0.0023661586456000805
0.10445614904165268	0.07137889415025711	0.06530991941690445	0.0	0.0	0.0014554184162989259
0.10428470373153687	0.07075313478708267	0.06556493788957596	0.0	0.0	0.0010153562761843204
0.10491308569908142	0.06928090751171112	0.06635606288909912	0.0	0.0	0.0008418001234531403
0.1055702194571495	0.06904663145542145	0.0660628229379654	0.0	0.0	0.0013463044306263328
0.10593819618225098	0.06927430629730225	0.06628312915563583	0.0	0.0	0.0013463044306263328
0.10630616545677185	0.06950198858976364	0.06650343537330627	0.0	0.0	0.0013463044306263328
0.10667414218187332	0.06972966343164444	0.06672374159097672	0.0	0.0	0.0013463044306263328
0.10657467693090439	0.07131576538085938	0.06692584604024887	0.0	0.0	0.0014467097353190184
0.10694129019975662	0.07154667377471924	0.06714610010385513	0.0	0.0	0.0014467097353190184
0.10723107308149338	0.0717705711722374	0.06684815138578415	0.0	0.0	0.0024576005525887012
0.1075974628329277	0.07200145721435547	0.06706712394952774	0.0	0.0	0.0024576005525887012
0.10645031183958054	0.06736864149570465	0.0629488080739975	0.0	0.0	0.002283663721755147
0.10595464706420898	0.07296022027730942	0.06354760378599167	0.0	0.0	0.001668403740040958
0.10667002946138382	0.07364632934331894	0.06425797939300537	0.0	0.0	0.0016625358257442713
0.1077575609087944	0.07210993766784668	0.06393679976463318	0.0	0.0	0.0021684453822672367
0.1076708436012268	0.07407055050134659	0.06517259031534195	0.0	0.0	0.0019200975075364113
0.1080322116613388	0.0743035301566124	0.06538405269384384	0.0	0.0	0.0019200975075364113
0.10874199867248535	0.0732215866446495	0.06506679207086563	0.0	0.0	0.002802333328872919
0.1091093122959137	0.07607419788837433	0.06566088646650314	0.0	0.0	0.0029047608841210604
0.10947168618440628	0.07631011307239532	0.06587198376655579	0.0	0.0	0.0029047608841210604
0.10982909053564072	0.07391151040792465	0.06569714844226837	0.0	0.0	0.002802333328872919
0.1092739999294281	0.07505606859922409	0.06598424911499023	0.0	0.0	0.0013183598639443517
0.11055382341146469	0.07437145709991455	0.06611738353967667	0.0	0.0	0.002802333328872919
0.11091618984937668	0.0746014341711998	0.06632750481367111	0.0	0.0	0.002802333328872919
0.11146824061870575	0.0752536952495575	0.06595273315906525	0.0	0.0	0.0015298795187845826
0.11146416515111923	0.07592270523309708	0.06615503132343292	0.0	0.0	-0.0017712278058752418
0.11200328171253204	0.07529135793447495	0.06695785373449326	0.0	0.0	-0.0021017061080783606
0.11194133758544922	0.07907240837812424	0.06654312461614609	0.0	0.0	-0.001835414208471775
0.11090466380119324	0.08283080905675888	0.06617174297571182	0.0	0.0	0.0014905390562489629
0.11134772002696991	0.08521747589111328	0.06627604365348816	0.0	0.0	0.0014781620120629668
0.11170527338981628	0.08546692878007889	0.06648288667201996	0.0	0.0	0.0014781620120629668
0.11138566583395004	0.08568013459444046	0.06674444675445557	0.0	0.0	0.0017128990730270743
0.11373523622751236	0.08666954189538956	0.0705767273902893	0.0	0.0	0.0015011380892246962
0.11409638822078705	0.086920365691185	0.07079257816076279	0.0	0.0	0.0015011380892246962
0.11565596610307693	0.08919765055179596	0.07405601441860199	0.0	0.0	0.002085154177621007
0.1152380183339119	0.08991221338510513	0.07325495034456253	0.0	0.0	0.0027537678834050894
0.11560031026601791	0.09016773104667664	0.07347559183835983	0.0	0.0	0.0027537678834050894
0.11502547562122345	0.092839814722538	0.07417630404233932	0.0	0.0	0.0017619600985199213
0.11389719694852829	0.09510497748851776	0.07660038024187088	0.0	0.0	0.002300945110619068
0.11425293236970901	0.09536834061145782	0.07682713121175766	0.0	0.0	0.002300945110619068
0.09581427276134491	0.14273521304130554	0.07282639294862747	0.0	0.0	0.004036722704768181
0.09611765295267105	0.14304795861244202	0.07304347306489944	0.0	0.0	0.004036722704768181
0.01747920736670494	0.1959328055381775	0.06572169065475464	0.0	0.0	0.004138363990932703
0.006030197720974684	0.2230580747127533	0.06239167973399162	0.0	0.0	0.006001776084303856
0.006030197720974684	0.2233843058347702	0.06258152425289154	0.0	0.0	0.006001776084303856
-0.018681209534406662	0.26818013191223145	0.05536410212516785	0.0	0.0	0.005398350767791271
-0.028755296021699905	0.28492844104766846	0.051436129957437515	0.0	0.0	0.006808468606323004
-0.029019268229603767	0.2852552533149719	0.05159515514969826	0.0	0.0	0.006808468606323004
-0.04307657480239868	0.30000001192092896	0.04724109545350075	0.0	0.0	0.006569046061486006
-0.04343215003609657	0.30000001192092896	0.04738748446106911	0.0	0.0	0.006569046061486006
-0.04902755469083786	0.30000001192092896	0.047183092683553696	0.0	0.0	0.006820302456617355
-0.056949347257614136	0.30000001192092896	0.05016167461872101	0.0	0.0	0.008463788777589798
-0.05737122893333435	0.30000001192092896	0.05031499266624451	0.0	0.0	0.008880197070538998
-0.06077155843377113	0.30000001192092896	0.05074630305171013	0.0	0.0	0.008853615261614323
-0.06643104553222656	0.30000001192092896	0.05064593255519867	0.0	0.0	0.007894236594438553
-0.0668875128030777	0.30000001192092896	0.05079931765794754	0.0	0.0	0.007894236594438553
-0.07324797660112381	0.30000001192092896	0.051549144089221954	0.0	0.0	0.008202753029763699
-0.07902329415082932	0.30000001192092896	0.050806790590286255	0.0	0.0	0.008531037718057632
-0.07951877266168594	0.30000001192092896	0.05095935985445976	0.0	0.0	0.008531037718057632
-0.08837003260850906	0.30000001192092896	0.05053875967860222	0.0	0.0	0.008775370195508003
-0.10458782315254211	0.30000001192092896	0.04737080633640289	0.0	0.0	0.008633616380393505
-0.12402191758155823	0.30000001192092896	0.04469047859311104	0.0	0.0	0.008543875999748707
-0.1449374258518219	0.30000001192092896	0.03909016028046608	0.0	0.0	0.007521097082644701
-0.16599753499031067	0.30000001192092896	0.036804672330617905	0.0	0.0	0.007894711568951607
-0.18857137858867645	0.30000001192092896	0.03061494790017605	0.0	0.0	0.00666559673845768
-0.20880070328712463	0.30000001192092896	0.00827848631888628	0.0	0.0	0.005209796130657196
-0.22345519065856934	0.30000001192092896	0.006869540084153414	0.0	0.0	0.005317795556038618
-0.2395533323287964	0.30000001192092896	0.005863926839083433	0.0	0.0	0.004795048385858536
-0.25216180086135864	0.30000001192092896	0.004873719532042742	0.0	0.0	0.0042364452965557575
-0.2605612576007843	0.30000001192092896	0.0036126517225056887	0.0	0.0	0.003040267387405038
-0.26569145917892456	0.30000001192092896	0.00305198528803885	0.0	0.0	0.0025016639847308397
-0.26455676555633545	0.30000001192092896	0.0041306656785309315	0.0	0.0	0.003245778614655137
-0.2650263011455536	0.30000001192092896	0.0041009667329490185	0.0	0.0	0.0035478859208524227
-0.2632964849472046	0.30000001192092896	0.005713040940463543	0.0	0.0	0.0048433104529976845
-0.2641249895095825	0.30000001192092896	0.006543469149619341	0.0	0.0	0.005513336043804884
-0.26477158069610596	0.30000001192092896	0.007195056416094303	0.0	0.0	0.006095511373132467
-0.2658596932888031	0.30000001192092896	0.007239008788019419	0.0	0.0	0.00621804827824235
-0.2665086090564728	0.30000001192092896	0.007239008788019419	0.0	0.0	0.00621804827824235
-0.26716068387031555	0.30000001192092896	0.00722115021198988	0.0	0.0	0.0062502408400177956
-0.2659861147403717	0.30000001192092896	0.008525392040610313	0.0	0.0	0.006692254915833473
-0.26663485169410706	0.30000001192092896	0.008525392040610313	0.0	0.0	0.006692254915833473
-0.267863005399704	0.30000001192092896	0.008529710583388805	0.0	0.0	0.007344741839915514
-0.2672840356826782	0.30000001192092896	0.008489148691296577	0.0	0.0	0.007007462903857231
-0.26754647493362427	0.30000001192092896	0.008445145562291145	0.0	0.0	0.006739495322108269
-0.26816174387931824	0.30000001192092896	0.00872544664889574	0.0	0.0	0.007222972344607115
-0.2687235176563263	0.30000001192092896	0.008712826296687126	0.0	0.0	0.007451991550624371
-0.26877355575561523	0.30000001192092896	0.008681857027113438	0.0	0.0	0.007433700375258923
-0.2689857482910156	0.30000001192092896	0.008641823194921017	0.0	0.0	0.00719059631228447
-0.2696342468261719	0.30000001192092896	0.008641823194921017	0.0	0.0	0.00719059631228447
-0.26975589990615845	0.30000001192092896	0.00860047060996294	0.0	0.0	0.007096383720636368
-0.2693707048892975	0.30000001192092896	0.00853119045495987	0.0	0.0	0.007256246637552977
-0.2700190544128418	0.30000001192092896	0.00853119045495987	0.0	0.0	0.007256246637552977
-0.27170124650001526	0.30000001192092896	0.00860047060996294	0.0	0.0	0.007096383720636368
-0.2723497152328491	0.30000001192092896	0.00860047060996294	0.0	0.0	0.007096383720636368
-0.2729981541633606	0.30000001192092896	0.00860047060996294	0.0	0.0	0.007096383720636368
-0.2726091742515564	0.30000001192092896	0.008548806421458721	0.0	0.0	0.007250995375216007
-0.2732575237751007	0.30000001192092896	0.008548806421458721	0.0	0.0	0.007250995375216007
-0.27433067560195923	0.30000001192092896	0.008267732337117195	0.0	0.0	0.006954490207135677
-0.2753637731075287	0.30000001192092896	0.008304877206683159	0.0	0.0	0.006947073619812727
-0.27607131004333496	0.30000001192092896	0.008575154468417168	0.0	0.0	0.007161680143326521
-0.2764461636543274	0.30000001192092896	0.00831262581050396	0.0	0.0	0.006961658596992493
-0.27818506956100464	0.30000001192092896	0.007201813627034426	0.0	0.0	0.006105377338826656
-0.2788335680961609	0.30000001192092896	0.007201813627034426	0.0	0.0	0.006105377338826656
-0.27921563386917114	0.30000001192092896	0.007509409915655851	0.0	0.0	0.006184783764183521
-0.2795146107673645	0.30000001192092896	0.007483236026018858	0.0	0.0	0.006161535158753395
-0.280163049697876	0.30000001192092896	0.007483236026018858	0.0	0.0	0.006161535158753395
-0.28224658966064453	0.30000001192092896	0.0069992439821362495	0.0	0.0	0.006064439192414284
-0.28192928433418274	0.30000001192092896	0.006964599248021841	0.0	0.0	0.005726807285100222
-0.2823655605316162	0.30000001192092896	0.0069238063879311085	0.0	0.0	0.005949965212494135
-0.2836640179157257	0.30000001192092896	0.006956779398024082	0.0	0.0	0.005927445366978645
-0.28547176718711853	0.30000001192092896	0.0067675672471523285	0.0	0.0	0.005832348484545946
-0.2862077057361603	0.30000001192092896	0.006782105658203363	0.0	0.0	0.005760097876191139
-0.28685638308525085	0.30000001192092896	0.006782105658203363	0.0	0.0	0.005760097876191139
-0.28750506043434143	0.30000001192092896	0.006782105658203363	0.0	0.0	0.005760097876191139
-0.288153737783432	0.30000001192092896	0.006782105658203363	0.0	0.0	0.005760097876191139
-0.28888970613479614	0.30000001192092896	0.006795053835958242	0.0	0.0	0.005825587548315525
-0.2895383834838867	0.30000001192092896	0.006795053835958242	0.0	0.0	0.005825587548315525
-0.29009976983070374	0.30000001192092896	0.006782105658203363	0.0	0.0	0.005760097876191139
-0.2907484471797943	0.30000001192092896	0.006782105658203363	0.0	0.0	0.005760097876191139
-0.2921704947948456	0.30000001192092896	0.006224360316991806	0.0	0.0	0.005262565333396196
-0.29311874508857727	0.30000001192092896	0.006249898113310337	0.0	0.0	0.005288649350404739
-0.2930614650249481	0.30000001192092896	0.005912641994655132	0.0	0.0	0.004809279926121235
-0.29358890652656555	0.30000001192092896	0.006187921855598688	0.0	0.0	0.00524742528796196
-0.2947462201118469	0.30000001192092896	0.0059530423022806644	0.0	0.0	0.00505021819844842
-0.29539498686790466	0.30000001192092896	0.0059530423022806644	0.0	0.0	0.00505021819844842
-0.2957439720630646	0.30000001192092896	0.005927409511059523	0.0	0.0	0.00482074823230505
-0.29669249057769775	0.30000001192092896	0.0059530423022806644	0.0	0.0	0.00505021819844842
-0.2973412275314331	0.30000001192092896	0.0059530423022806644	0.0	0.0	0.00505021819844842
-0.2981533408164978	0.30000001192092896	0.005670851096510887	0.0	0.0	0.0044841039925813675
-0.2999945878982544	0.30000001192092896	0.005727093666791916	0.0	0.0	0.004626019392162561
-0.2994508743286133	0.30000001192092896	0.005670851096510887	0.0	0.0	0.0044841039925813675
-0.30000001192092896	0.30000001192092896	0.005968732293695211	0.0	0.0	0.004995891358703375
-0.30000001192092896	0.30000001192092896	0.005968732293695211	0.0	0.0	0.004995891358703375
-0.30000001192092896	0.30000001192092896	0.005934334825724363	0.0	0.0	0.004949238616973162
-0.30000001192092896	0.30000001192092896	0.005899572279304266	0.0	0.0	0.0050123012624681
-0.30000001192092896	0.30000001192092896	0.005899572279304266	0.0	0.0	0.0050123012624681
-0.30000001192092896	0.30000001192092896	0.005914296489208937	0.0	0.0	0.005044998601078987
-0.30000001192092896	0.30000001192092896	0.006187921855598688	0.0	0.0	0.00524742528796196
-0.30000001192092896	0.30000001192092896	0.006187921855598688	0.0	0.0	0.00524742528796196
-0.30000001192092896	0.30000001192092896	0.00565066933631897	0.0	0.0	0.004785860422998667
-0.30000001192092896	0.30000001192092896	0.005636299028992653	0.0	0.0	0.004781703930348158
-0.30000001192092896	0.30000001192092896	0.0056106094270944595	0.0	0.0	0.004867986775934696
-0.30000001192092896	0.30000001192092896	0.0056106094270944595	0.0	0.0	0.004867986775934696
-0.30000001192092896	0.30000001192092896	0.00565066933631897	0.0	0.0	0.004785860422998667
-0.30000001192092896	0.30000001192092896	0.005670851096510887	0.0	0.0	0.0044841039925813675
-0.30000001192092896	0.30000001192092896	0.005738413892686367	0.0	0.0	0.0047928886488080025
-0.30000001192092896	0.30000001192092896	0.006020573899149895	0.0	0.0	0.005161165725439787
-0.30000001192092896	0.30000001192092896	0.004614478908479214	0.0	0.0	0.003928474150598049
-0.30000001192092896	0.30000001192092896	0.00518376799300313	0.0	0.0	0.00419682776555419
-0.30000001192092896	0.30000001192092896	0.00518376799300313	0.0	0.0	0.00419682776555419
-0.30000001192092896	0.30000001192092896	0.005067761987447739	0.0	0.0	0.004315871279686689
-0.30000001192092896	0.30000001192092896	0.004430601838976145	0.0	0.0	0.003765599336475134
-0.30000001192092896	0.30000001192092896	0.0047021363861858845	0.0	0.0	0.004014344420284033
-0.30000001192092896	0.30000001192092896	0.004963137209415436	0.0	0.0	0.0040330709889531136
-0.30000001192092896	0.30000001192092896	0.004942060448229313	0.0	0.0	0.004237044602632523
-0.30000001192092896	0.30000001192092896	0.005507424008101225	0.0	0.0	0.00435600383207202
-0.30000001192092896	0.30000001192092896	0.004813025239855051	0.0	0.0	0.004105227999389172
-0.30000001192092896	0.30000001192092896	0.00511258514598012	0.0	0.0	0.004398816730827093
-0.30000001192092896	0.30000001192092896	0.005162108223885298	0.0	0.0	0.004371272400021553
-0.30000001192092896	0.30000001192092896	0.00511258514598012	0.0	0.0	0.004398816730827093
-0.30000001192092896	0.30000001192092896	0.00511258514598012	0.0	0.0	0.004398816730827093
-0.30000001192092896	0.30000001192092896	0.005514190997928381	0.0	0.0	0.004425168968737125
-0.30000001192092896	0.30000001192092896	0.005514190997928381	0.0	0.0	0.004425168968737125
-0.30000001192092896	0.30000001192092896	0.0052550616674125195	0.0	0.0	0.004372990224510431
-0.30000001192092896	0.30000001192092896	0.005251296795904636	0.0	0.0	0.004502621479332447
-0.30000001192092896	0.30000001192092896	0.005514190997928381	0.0	0.0	0.004425168968737125
-0.30000001192092896	0.30000001192092896	0.0053272792138159275	0.0	0.0	0.0045425500720739365
-0.30000001192092896	0.30000001192092896	0.005225438624620438	0.0	0.0	0.004465396050363779
-0.30000001192092896	0.30000001192092896	0.005514190997928381	0.0	0.0	0.004425168968737125
-0.30000001192092896	0.30000001192092896	0.005447257775813341	0.0	0.0	0.004477086942642927
-0.30000001192092896	0.30000001192092896	0.0026911969762295485	0.0	0.0	0.0021743669640272856
-0.30000001192092896	0.30000001192092896	0.0026911969762295485	0.0	0.0	0.0021743669640272856
-0.30000001192092896	0.30000001192092896	0.003885669633746147	0.0	0.0	0.003151186741888523
-0.30000001192092896	0.30000001192092896	0.0015703062526881695	0.0	0.0	0.0013279251288622618
-0.30000001192092896	0.30000001192092896	0.003017367795109749	0.0	0.0	0.002602261956781149
-0.30000001192092896	0.30000001192092896	0.0022923732176423073	0.0	0.0	0.0019137701019644737
-0.30000001192092896	0.30000001192092896	0.0032519283704459667	0.0	0.0	0.0026305862702429295
-0.30000001192092896	0.30000001192092896	0.002570300130173564	0.0	0.0	0.002208510646596551
-0.30000001192092896	0.30000001192092896	0.0021842618007212877	0.0	0.0	0.0018146410584449768
-0.30000001192092896	0.30000001192092896	0.0021842618007212877	0.0	0.0	0.0018146410584449768
-0.30000001192092896	0.30000001192092896	0.0031052681151777506	0.0	0.0	0.002651937771588564
-0.30000001192092896	0.30000001192092896	0.002264004200696945	0.0	0.0	0.0018616485176607966
-0.30000001192092896	0.30000001192092896	0.002264004200696945	0.0	0.0	0.0018616485176607966
-0.30000001192092896	0.30000001192092896	0.002214533742517233	0.0	0.0	0.0018932403763756156
-0.30000001192092896	0.30000001192092896	0.0021992423571646214	0.0	0.0	0.0018720348598435521
-0.30000001192092896	0.30000001192092896	0.002214533742517233	0.0	0.0	0.0018932403763756156
-0.30000001192092896	0.30000001192092896	0.002214533742517233	0.0	0.0	0.0018932403763756156
-0.30000001192092896	0.30000001192092896	0.002214533742517233	0.0	0.0	0.0018932403763756156
-0.30000001192092896	0.30000001192092896	0.002008904702961445	0.0	0.0	0.0016006827354431152
-0.30000001192092896	0.30000001192092896	0.0014792939182370901	0.0	0.0	0.0012218422489240766
-0.30000001192092896	0.30000001192092896	0.0014792939182370901	0.0	0.0	0.0012218422489240766
-0.30000001192092896	0.30000001192092896	0.0020630431827157736	0.0	0.0	0.0016981001244857907
-0.30000001192092896	0.30000001192092896	0.0020630431827157736	0.0	0.0	0.0016981001244857907
-0.30000001192092896	0.30000001192092896	0.0020630431827157736	0.0	0.0	0.0016981001244857907
-0.30000001192092896	0.30000001192092896	0.004242481663823128	0.0	0.0	0.003650098806247115
-0.30000001192092896	0.30000001192092896	0.004242481663823128	0.0	0.0	0.0036772401072084904
-0.30000001192092896	0.30000001192092896	0.00808151625096798	0.0	0.0	0.0068321386352181435
-0.30000001192092896	0.30000001192092896	0.011441442184150219	0.0	0.0	0.009318837895989418
-0.30000001192092896	0.30000001192092896	0.011551200412213802	0.0	0.0	0.009318837895989418
-0.2773090898990631	0.30000001192092896	0.030662337318062782	0.0	0.0	0.02073255181312561
-0.25923168659210205	0.30000001192092896	0.05433908849954605	0.0	0.0	0.02937568910419941
-0.2598593831062317	0.30000001192092896	0.05462636053562164	0.0	0.0	0.02937568910419941
-0.23967115581035614	0.30000001192092896	0.12679554522037506	0.0	0.0	0.0420074462890625
-0.2286781668663025	0.30000001192092896	0.17171168327331543	0.0	0.0	0.039577826857566833
-0.2114347219467163	0.30000001192092896	0.21328234672546387	0.0	0.0	0.044594183564186096
-0.1853678673505783	0.30000001192092896	0.2543131709098816	0.0	0.0	0.03739270940423012
-0.1859235316514969	0.30000001192092896	0.25464004278182983	0.0	0.0	0.03739270940423012
-0.15114805102348328	0.30000001192092896	0.29134929180145264	0.0	0.0	0.04012904688715935
-0.06163686886429787	0.30000001192092896	0.30000001192092896	0.0	0.0	0.033761296421289444
-0.06186681240797043	0.30000001192092896	0.30000001192092896	0.0	0.0	0.033761296421289444
0.014546368271112442	0.30000001192092896	0.30000001192092896	0.0	0.0	0.020768219605088234
0.02475135587155819	0.25893810391426086	0.30000001192092896	0.0	0.0	0.0031124234665185213
0.024986112490296364	0.2592636048793793	0.30000001192092896	0.0	0.0	0.0031124234665185213
0.026984678581357002	0.12610122561454773	0.30000001192092896	0.0	0.0	0.013104010373353958
0.02723321132361889	0.1263432800769806	0.30000001192092896	0.0	0.0	0.013104010373353958
0.016547929495573044	0.05260198935866356	0.30000001192092896	0.0	0.0	-0.0007131845341064036
0.0013689585030078888	0.03993846848607063	0.30000001192092896	0.0	0.0	0.0020289532840251923
-0.022541705518960953	-0.011567290872335434	0.30000001192092896	0.0	0.0	-0.0062808385118842125
-0.04762322083115578	-0.05993614345788956	0.30000001192092896	0.0	0.0	-0.02500033937394619
-0.07063788175582886	-0.09493991732597351	0.30000001192092896	0.0	0.0	-0.022064797580242157
-0.09339446574449539	-0.12660536170005798	0.30000001192092896	0.0	0.0	-0.03613710030913353
-0.11421031504869461	-0.14993834495544434	0.30000001192092896	0.0	0.0	-0.032087378203868866
-0.13572822511196136	-0.17479118704795837	0.30000001192092896	0.0	0.0	-0.026224305853247643
-0.13633498549461365	-0.1751180738210678	0.30000001192092896	0.0	0.0	-0.026224305853247643
-0.1766887754201889	-0.2166939377784729	0.30000001192092896	0.0	0.0	-0.03720443323254585
-0.19623155891895294	-0.23488777875900269	0.30000001192092896	0.0	0.0	-0.04047233611345291
-0.21225297451019287	-0.24750104546546936	0.30000001192092896	0.0	0.0	-0.043309107422828674
-0.2228563129901886	-0.2529658079147339	0.30000001192092896	0.0	0.0	-0.039606958627700806
-0.23088954389095306	-0.2557089030742645	0.30000001192092896	0.0	0.0	-0.04765366017818451
-0.2358984500169754	-0.255461722612381	0.30000001192092896	0.0	0.0	-0.038098957389593124
-0.24369142949581146	-0.25870808959007263	0.30000001192092896	0.0	0.0	-0.04381849244236946
-0.2443391978740692	-0.2590349614620209	0.30000001192092896	0.0	0.0	-0.04381849244236946
-0.2599543333053589	-0.2686142325401306	0.30000001192092896	0.0	0.0	-0.042720209807157516
-0.26533904671669006	-0.27104654908180237	0.30000001192092896	0.0	0.0	-0.04471766948699951
-0.2659887671470642	-0.2713734209537506	0.30000001192092896	0.0	0.0	-0.04471766948699951
-0.26479554176330566	-0.2607654631137848	0.30000001192092896	0.0	0.0	-0.04704122617840767
-0.2647803723812103	-0.25351032614707947	0.30000001192092896	0.0	0.0	-0.044971100986003876
-0.2678142786026001	-0.245876282453537	0.30000001192092896	0.0	0.0	-0.04620778188109398
-0.27407217025756836	-0.23915058374404907	0.30000001192092896	0.0	0.0	-0.04403752461075783
-0.2819647192955017	-0.23187626898288727	0.30000001192092896	0.0	0.0	-0.03805575519800186
-0.2911762297153473	-0.22326861321926117	0.30000001192092896	0.0	0.0	-0.03985535353422165
-0.29903697967529297	-0.21274490654468536	0.30000001192092896	0.0	0.0	-0.03645884245634079
-0.299688458442688	-0.2130717784166336	0.30000001192092896	0.0	0.0	-0.03645884245634079
-0.30000001192092896	-0.18899409472942352	0.30000001192092896	0.0	0.0	-0.03446939215064049
-0.30000001192092896	-0.17993266880512238	0.30000001192092896	0.0	0.0	-0.032318342477083206
-0.30000001192092896	-0.1802595555782318	0.30000001192092896	0.0	0.0	-0.032318342477083206
-0.30000001192092896	-0.16196583211421967	0.30000001192092896	0.0	0.0	-0.0341312400996685
-0.30000001192092896	-0.15168540179729462	0.30000001192092896	0.0	0.0	-0.03309791162610054
-0.30000001192092896	-0.14047957956790924	0.30000001192092896	0.0	0.0	-0.030085569247603416
-0.30000001192092896	-0.12749692797660828	0.30000001192092896	0.0	0.0	-0.024643197655677795
-0.30000001192092896	-0.12782378494739532	0.30000001192092896	0.0	0.0	-0.024643197655677795
-0.30000001192092896	-0.11663374304771423	0.30000001192092896	0.0	0.0	-0.021546917036175728
-0.30000001192092896	-0.1065039113163948	0.30000001192092896	0.0	0.0	-0.022786734625697136
-0.30000001192092896	-0.0980672687292099	0.30000001192092896	0.0	0.0	-0.02562093548476696
-0.30000001192092896	-0.08467913419008255	0.30000001192092896	0.0	0.0	-0.02357107773423195
0.0	0.0	0.0	0.0	0.0	0.0
0.0	0.0	0.0	0.0	0.0	0.0
0.0	0.0	0.0	0.0	0.0	0.0
0.0	0.0	0.0	0.0	0.0	0.0
0.0	0.0	0.0	0.0	0.0	0.0
0.0	0.0	0.0	0.0	0.0	0.0
0.0	0.0	0.0	0.0	0.0	0.0
0.0	0.0	0.0	0.0	0.0	0.0
0.0	0.0	0.0	0.0	0.0	0.0
0.0	0.0	0.0	0.0	0.0	0.0
0.0	0.0	0.0	0.0	0.0	0.0
0.0	0.0	0.0	0.0	0.0	0.0
0.0	0.0	0.0	0.0	0.0	0.0
0.0	0.0	0.0	0.0	0.0	0.0
0.0	0.0	0.0	0.0	0.0	0.0
-0.30000001192092896	0.046243488788604736	0.30000001192092896	0.0	0.0	-0.0022313115186989307
-0.30000001192092896	0.046148668974637985	0.30000001192092896	0.0	0.0	-0.000179923590621911
-0.30000001192092896	0.03514634817838669	0.30000001192092896	0.0	0.0	0.00306835793890059
-0.30000001192092896	0.0008579947170801461	0.30000001192092896	0.0	0.0	0.0007307887426577508
-0.30000001192092896	0.01994362287223339	0.30000001192092896	0.0	0.0	0.00876424927264452
-0.30000001192092896	0.036506287753582	0.30000001192092896	0.0	0.0	0.009893205016851425
-0.30000001192092896	0.05635746940970421	0.30000001192092896	0.0	0.0	0.010700193233788013
-0.30000001192092896	0.07377132028341293	0.30000001192092896	0.0	0.0	0.013279198668897152
-0.30000001192092896	0.07408012449741364	0.30000001192092896	0.0	0.0	0.022920193150639534
-0.30000001192092896	0.11190111935138702	0.30000001192092896	0.0	0.0	0.01697877235710621
-0.30000001192092896	0.1285621076822281	0.30000001192092896	0.0	0.0	0.018503472208976746
-0.30000001192092896	0.1444973200559616	0.30000001192092896	0.0	0.0	0.019786281511187553
-0.30000001192092896	0.1448230892419815	0.30000001192092896	0.0	0.0	0.019786281511187553
-0.30000001192092896	0.1653393656015396	0.30000001192092896	0.0	0.0	0.020805831998586655
-0.30000001192092896	0.16566574573516846	0.30000001192092896	0.0	0.0	0.02411557361483574
-0.2714664041996002	0.17619115114212036	0.30000001192092896	0.0	0.0	0.02201263979077339
-0.25773975253105164	0.178431436419487	0.30000001192092896	0.0	0.0	0.01776684820652008
-0.24543313682079315	0.18033669888973236	0.30000001192092896	0.0	0.0	0.021985335275530815
-0.23494383692741394	0.18159718811511993	0.30000001192092896	0.0	0.0	0.023446224629878998
-0.23558522760868073	0.1819237917661667	0.30000001192092896	0.0	0.0	0.023446224629878998
-0.22741647064685822	0.18433000147342682	0.30000001192092896	0.0	0.0	0.02701394632458687
-0.2084653228521347	0.18062686920166016	0.30000001192092896	0.0	0.0	0.02816586196422577
-0.20909744501113892	0.18095344305038452	0.30000001192092896	0.0	0.0	0.02816586196422577
-0.19158430397510529	0.17711319029331207	0.30000001192092896	0.0	0.0	0.028336025774478912
-0.1922072321176529	0.17743971943855286	0.30000001192092896	0.0	0.0	0.028336025774478912
-0.18419279158115387	0.17505231499671936	0.30000001192092896	0.0	0.0	0.0290903951972723
-0.17330823838710785	0.1730286031961441	0.30000001192092896	0.0	0.0	0.023251848295331
-0.17391656339168549	0.17335504293441772	0.30000001192092896	0.0	0.0	0.023251848295331
-0.1712159365415573	0.1733616143465042	0.30000001192092896	0.0	0.0	0.027871262282133102
-0.16965273022651672	0.17783881723880768	0.30000001192092896	0.0	0.0	0.027458513155579567
-0.17025607824325562	0.17816531658172607	0.30000001192092896	0.0	0.0	0.027458513155579567
-0.17113620042800903	0.18223004043102264	0.30000001192092896	0.0	0.0	0.020308764651417732
-0.17359831929206848	0.18729105591773987	0.30000001192092896	0.0	0.0	0.027923500165343285
-0.17420366406440735	0.18761765956878662	0.30000001192092896	0.0	0.0	0.027923500165343285
-0.18469983339309692	0.2071477472782135	0.30000001192092896	0.0	0.0	0.02714524231851101
-0.19140005111694336	0.21891197562217712	0.30000001192092896	0.0	0.0	0.030262289568781853
-0.20017492771148682	0.23592138290405273	0.30000001192092896	0.0	0.0	0.032069649547338486
-0.2104886919260025	0.25410422682762146	0.30000001192092896	0.0	0.0	0.023485973477363586
-0.22198612987995148	0.27439799904823303	0.30000001192092896	0.0	0.0	0.031812701374292374
-0.2349119782447815	0.29475486278533936	0.30000001192092896	0.0	0.0	0.03220435976982117
-0.24908457696437836	0.30000001192092896	0.30000001192092896	0.0	0.0	0.04352143406867981
-0.24972596764564514	0.30000001192092896	0.30000001192092896	0.0	0.0	0.04352143406867981
-0.2696448564529419	0.30000001192092896	0.30000001192092896	0.0	0.0	0.04104899242520332
-0.27029016613960266	0.30000001192092896	0.30000001192092896	0.0	0.0	0.04104899242520332
-0.29528871178627014	0.30000001192092896	0.30000001192092896	0.0	0.0	0.037433307617902756
-0.2959372401237488	0.30000001192092896	0.30000001192092896	0.0	0.0	0.037433307617902756
-0.2965857982635498	0.30000001192092896	0.30000001192092896	0.0	0.0	0.037433307617902756
-0.29723432660102844	0.30000001192092896	0.30000001192092896	0.0	0.0	0.037433307617902756
-0.29788288474082947	0.30000001192092896	0.30000001192092896	0.0	0.0	0.037433307617902756
-0.30000001192092896	0.30000001192092896	0.30000001192092896	0.0	0.0	0.053410355001688004
-0.30000001192092896	0.30000001192092896	0.30000001192092896	0.0	0.0	0.053410355001688004
-0.30000001192092896	0.30000001192092896	0.30000001192092896	0.0	0.0	0.053410355001688004
-0.30000001192092896	0.30000001192092896	0.30000001192092896	0.0	0.0	0.053410355001688004
-0.30000001192092896	0.30000001192092896	0.30000001192092896	0.0	0.0	0.053410355001688004
-0.30000001192092896	0.30000001192092896	0.30000001192092896	0.0	0.0	0.053410355001688004
-0.30000001192092896	0.30000001192092896	0.30000001192092896	0.0	0.0	0.053410355001688004
-0.30000001192092896	0.30000001192092896	0.30000001192092896	0.0	0.0	0.05546616390347481
-0.30000001192092896	0.30000001192092896	0.30000001192092896	0.0	0.0	0.05546616390347481
-0.30000001192092896	0.30000001192092896	0.30000001192092896	0.0	0.0	0.05546616390347481
-0.30000001192092896	0.30000001192092896	0.30000001192092896	0.0	0.0	0.05546616390347481
-0.30000001192092896	0.30000001192092896	0.30000001192092896	0.0	0.0	0.05546616390347481
-0.30000001192092896	0.30000001192092896	0.30000001192092896	0.0	0.0	0.05546616390347481
-0.30000001192092896	0.30000001192092896	0.30000001192092896	0.0	0.0	0.05789661034941673
-0.30000001192092896	0.30000001192092896	0.30000001192092896	0.0	0.0	0.05789661034941673
-0.30000001192092896	0.30000001192092896	0.30000001192092896	0.0	0.0	0.05789661034941673
-0.30000001192092896	0.30000001192092896	0.30000001192092896	0.0	0.0	0.05789661034941673
-0.30000001192092896	0.30000001192092896	0.30000001192092896	0.0	0.0	0.05789661034941673
-0.30000001192092896	0.30000001192092896	0.30000001192092896	0.0	0.0	0.05789661034941673
-0.30000001192092896	0.30000001192092896	0.30000001192092896	0.0	0.0	0.03019588440656662
-0.30000001192092896	0.30000001192092896	0.30000001192092896	0.0	0.0	0.03019588440656662
-0.30000001192092896	0.30000001192092896	0.30000001192092896	0.0	0.0	0.03019588440656662
-0.30000001192092896	0.30000001192092896	0.30000001192092896	0.0	0.0	0.03019588440656662
-0.30000001192092896	0.30000001192092896	0.30000001192092896	0.0	0.0	0.03019588440656662
-0.30000001192092896	0.30000001192092896	0.30000001192092896	0.0	0.0	0.04893731325864792
-0.30000001192092896	0.30000001192092896	0.30000001192092896	0.0	0.0	0.04953666031360626
0.0	0.0	0.0	0.0	0.0	0.0
0.0	0.0	0.0	0.0	0.0	0.0
0.0	0.0	0.0	0.0	0.0	0.0
0.0	0.0	0.0	0.0	0.0	0.0
0.0	0.0	0.0	0.0	0.0	0.0
0.0	0.0	0.0	0.0	0.0	0.0
-0.30000001192092896	-0.08147454261779785	0.30000001192092896	0.0	0.0	0.09505528211593628
0.0	0.0	0.0	0.0	0.0	0.0
0.0	0.0	0.0	0.0	0.0	0.0
0.0	0.0	0.0	0.0	0.0	0.0
0.0	0.0	0.0	0.0	0.0	0.0
0.0	0.0	0.0	0.0	0.0	0.0
0.0	0.0	0.0	0.0	0.0	0.0
0.0	0.0	0.0	0.0	0.0	0.0
0.0	0.0	0.0	0.0	0.0	0.0
0.0	0.0	0.0	0.0	0.0	0.0
0.0	0.0	0.0	0.0	0.0	0.0
0.0	0.0	0.0	0.0	0.0	0.0
0.0	0.0	0.0	0.0	0.0	0.0
0.0	0.0	0.0	0.0	0.0	0.0
0.0	0.0	0.0	0.0	0.0	0.0
0.0	0.0	0.0	0.0	0.0	0.0
0.0	0.0	0.0	0.0	0.0	0.0
0.0	0.0	0.0	0.0	0.0	0.0
0.0	0.0	0.0	0.0	0.0	0.0
0.0	0.0	0.0	0.0	0.0	0.0
0.0	0.0	0.0	0.0	0.0	0.0
0.0	0.0	0.0	0.0	0.0	0.0
0.0	0.0	0.0	0.0	0.0	0.0
0.0	0.0	0.0	0.0	0.0	0.0
0.0	0.0	0.0	0.0	0.0	0.0
0.0	0.0	0.0	0.0	0.0	0.0
0.0	0.0	0.0	0.0	0.0	0.0
0.0	0.0	0.0	0.0	0.0	0.0
0.0	0.0	0.0	0.0	0.0	0.0
0.0	0.0	0.0	0.0	0.0	0.0
0.0	0.0	0.0	0.0	0.0	0.0
0.0	0.0	0.0	0.0	0.0	0.0
-0.30000001192092896	-0.30000001192092896	0.30000001192092896	0.0	0.0	-0.07503233104944229
-0.30000001192092896	-0.30000001192092896	0.30000001192092896	0.0	0.0	-0.08136490732431412
-0.30000001192092896	-0.30000001192092896	0.30000001192092896	0.0	0.0	-0.07736216485500336
-0.30000001192092896	-0.30000001192092896	0.30000001192092896	0.0	0.0	-0.079188272356987
0.0	0.0	0.0	0.0	0.0	0.0
0.0	0.0	0.0	0.0	0.0	0.0
0.0	0.0	0.0	0.0	0.0	0.0
0.0	0.0	0.0	0.0	0.0	0.0
0.0	0.0	0.0	0.0	0.0	0.0
0.0	0.0	0.0	0.0	0.0	0.0
0.0	0.0	0.0	0.0	0.0	0.0
0.0	0.0	0.0	0.0	0.0	0.0
-0.2190188318490982	0.30000001192092896	0.30000001192092896	0.0	0.0	0.02077137678861618
-0.30000001192092896	0.30000001192092896	0.30000001192092896	0.0	0.0	0.02429356426000595
-0.2763040065765381	0.30000001192092896	0.30000001192092896	0.0	0.0	0.044665295630693436
-0.25337615609169006	0.30000001192092896	0.30000001192092896	0.0	0.0	0.03956504166126251
-0.2487463802099228	0.30000001192092896	0.30000001192092896	0.0	0.0	0.0448722280561924
-0.26020434498786926	0.30000001192092896	0.30000001192092896	0.0	0.0	0.04744187369942665
-0.27238228917121887	0.30000001192092896	0.30000001192092896	0.0	0.0	0.04262007772922516
-0.2730220854282379	0.30000001192092896	0.30000001192092896	0.0	0.0	0.04262007772922516
-0.293173223733902	0.30000001192092896	0.30000001192092896	0.0	0.0	0.043227966874837875
-0.298679918050766	0.30000001192092896	0.30000001192092896	0.0	0.0	0.0365617573261261
-0.29932501912117004	0.30000001192092896	0.30000001192092896	0.0	0.0	0.0365617573261261
-0.30000001192092896	0.30000001192092896	0.30000001192092896	0.0	0.0	0.04331234470009804
-0.30000001192092896	0.30000001192092896	0.30000001192092896	0.0	0.0	0.05500011146068573
-0.30000001192092896	0.30000001192092896	0.30000001192092896	0.0	0.0	0.048410020768642426
-0.30000001192092896	0.30000001192092896	0.30000001192092896	0.0	0.0	0.048410020768642426
-0.29881608486175537	0.30000001192092896	0.30000001192092896	0.0	0.0	0.05280749499797821
-0.28780996799468994	0.30000001192092896	0.30000001192092896	0.0	0.0	0.04872065410017967
-0.275325745344162	0.30000001192092896	0.30000001192092896	0.0	0.0	0.04349968582391739
-0.2577875852584839	0.30000001192092896	0.30000001192092896	0.0	0.0	0.048891324549913406
-0.23311641812324524	0.30000001192092896	0.30000001192092896	0.0	0.0	0.03514779359102249
-0.20174062252044678	0.30000001192092896	0.30000001192092896	0.0	0.0	0.03288360312581062
-0.1582934856414795	0.25531262159347534	0.30000001192092896	0.0	0.0	0.028931904584169388
-0.15882261097431183	0.2556394636631012	0.30000001192092896	0.0	0.0	0.028931904584169388
-0.05194967985153198	0.12261289358139038	0.30000001192092896	0.0	0.0	0.009856687858700752
0.0027926473412662745	0.04562745988368988	0.30000001192092896	0.0	0.0	0.0012467646738514304
0.0027926473412662745	0.04583651199936867	0.30000001192092896	0.0	0.0	0.0012467646738514304
0.030069155618548393	-0.032271742820739746	0.30000001192092896	0.0	0.0	-0.005013368092477322
0.0407310388982296	-0.053970906883478165	0.30000001192092896	0.0	0.0	-0.007355599198490381
0.049374353140592575	-0.06554611027240753	0.30000001192092896	0.0	0.0	-0.0056394063867628574
0.054948367178440094	-0.07894182205200195	0.30000001192092896	0.0	0.0	0.0017791171558201313
0.05547028034925461	-0.10420145839452744	0.30000001192092896	0.0	0.0	-0.0070264581590890884
0.04894600063562393	-0.14132295548915863	0.30000001192092896	0.0	0.0	-0.02046162262558937
0.03182724863290787	-0.1891072690486908	0.30000001192092896	0.0	0.0	-0.024956904351711273
0.0321037620306015	-0.18943409621715546	0.30000001192092896	0.0	0.0	-0.024956904351711273
0.00713232671841979	-0.23280371725559235	0.30000001192092896	0.0	0.0	-0.026680832728743553
-0.04853210598230362	-0.30000001192092896	0.28845736384391785	0.0	0.0	-0.03826639801263809
-0.04892449453473091	-0.30000001192092896	0.2887842059135437	0.0	0.0	-0.03826639801263809
-0.09705891460180283	-0.30000001192092896	0.2558383047580719	0.0	0.0	-0.04253357648849487
-0.11821841448545456	-0.30000001192092896	0.23996278643608093	0.0	0.0	-0.036833349615335464
-0.1188068613409996	-0.30000001192092896	0.24028943479061127	0.0	0.0	-0.036833349615335464
-0.14294001460075378	-0.30000001192092896	0.2063770890235901	0.0	0.0	-0.045821234583854675
-0.14806543290615082	-0.30000001192092896	0.18838365375995636	0.0	0.0	-0.04367538541555405
-0.1518944501876831	-0.30000001192092896	0.17000269889831543	0.0	0.0	-0.04544316232204437
-0.15433882176876068	-0.30000001192092896	0.15296655893325806	0.0	0.0	-0.04315062612295151
-0.15644831955432892	-0.30000001192092896	0.13780783116817474	0.0	0.0	-0.03952087461948395
-0.1638113558292389	-0.30000001192092896	0.12520165741443634	0.0	0.0	-0.036899346858263016
-0.17805780470371246	-0.30000001192092896	0.10981110483407974	0.0	0.0	-0.03465648368000984
-0.1786898821592331	-0.30000001192092896	0.11010251939296722	0.0	0.0	-0.03465648368000984
-0.1890113651752472	-0.30000001192092896	0.11295107752084732	0.0	0.0	-0.03729354217648506
-0.18757374584674835	-0.30000001192092896	0.11560454964637756	0.0	0.0	-0.03535795956850052
-0.18820889294147491	-0.30000001192092896	0.11590120196342468	0.0	0.0	-0.03535795956850052
-0.18245744705200195	-0.30000001192092896	0.11749210953712463	0.0	0.0	-0.03531705588102341
-0.18220749497413635	-0.30000001192092896	0.11939840018749237	0.0	0.0	-0.03586900979280472
-0.1816784292459488	-0.30000001192092896	0.12008431553840637	0.0	0.0	-0.041983265429735184
-0.18172197043895721	-0.30000001192092896	0.12134888768196106	0.0	0.0	-0.037201084196567535
-0.1823534518480301	-0.30000001192092896	0.12164953351020813	0.0	0.0	-0.037201084196567535
-0.1838465929031372	-0.30000001192092896	0.12205318361520767	0.0	0.0	-0.03605125844478607
-0.18265797197818756	-0.30000001192092896	0.12310894578695297	0.0	0.0	-0.0362820141017437
-0.18328902125358582	-0.30000001192092896	0.12341033667325974	0.0	0.0	-0.0362820141017437
-0.18407922983169556	-0.30000001192092896	0.12373528629541397	0.0	0.0	-0.03690984100103378
-0.18421892821788788	-0.30000001192092896	0.12326042354106903	0.0	0.0	-0.034457240253686905
-0.1848498284816742	-0.30000001192092896	0.12356116622686386	0.0	0.0	-0.034457240253686905
-0.1861710250377655	-0.30000001192092896	0.12226594984531403	0.0	0.0	-0.03521353378891945
-0.1868022382259369	-0.30000001192092896	0.12256526201963425	0.0	0.0	-0.03521353378891945
-0.18761853873729706	-0.30000001192092896	0.12319948524236679	0.0	0.0	-0.03461582586169243
-0.18951275944709778	-0.30000001192092896	0.12280014157295227	0.0	0.0	-0.03681248426437378
-0.1901445984840393	-0.30000001192092896	0.12309912592172623	0.0	0.0	-0.03681248426437378
-0.19206111133098602	-0.30000001192092896	0.12150342762470245	0.0	0.0	-0.034369878470897675
-0.19455699622631073	-0.30000001192092896	0.12119356542825699	0.0	0.0	-0.03539934754371643
-0.1951901763677597	-0.30000001192092896	0.12149017304182053	0.0	0.0	-0.03539934754371643
-0.19668929278850555	-0.30000001192092896	0.12115563452243805	0.0	0.0	-0.03491823375225067
-0.19882045686244965	-0.30000001192092896	0.1207437589764595	0.0	0.0	-0.03468842804431915
-0.19945456087589264	-0.30000001192092896	0.12103904038667679	0.0	0.0	-0.03468842804431915
-0.20083896815776825	-0.30000001192092896	0.12013588845729828	0.0	0.0	-0.03606392815709114
-0.2009931206703186	-0.30000001192092896	0.11877049505710602	0.0	0.0	-0.033708326518535614
-0.20162732899188995	-0.30000001192092896	0.11906278133392334	0.0	0.0	-0.033708326518535614
-0.20389127731323242	-0.30000001192092896	0.11904580146074295	0.0	0.0	-0.03415331989526749
-0.20563074946403503	-0.30000001192092896	0.11804062128067017	0.0	0.0	-0.0355435349047184
-0.20573599636554718	-0.30000001192092896	0.11746186763048172	0.0	0.0	-0.034068286418914795
-0.2063222974538803	-0.30000001192092896	0.11743661761283875	0.0	0.0	-0.03399529308080673
-0.20695732533931732	-0.30000001192092896	0.11772578954696655	0.0	0.0	-0.03399529308080673
-0.20896780490875244	-0.30000001192092896	0.11726534366607666	0.0	0.0	-0.0323764868080616
-0.20967116951942444	-0.30000001192092896	0.11669408529996872	0.0	0.0	-0.034093793481588364
-0.20916126668453217	-0.30000001192092896	0.11637715250253677	0.0	0.0	-0.033694788813591
-0.2097604125738144	-0.30000001192092896	0.11632417887449265	0.0	0.0	-0.03311316668987274
-0.21052157878875732	-0.30000001192092896	0.11631578207015991	0.0	0.0	-0.033297356218099594
-0.2112157642841339	-0.30000001192092896	0.1157812848687172	0.0	0.0	-0.03324786573648453
-0.21275117993354797	-0.30000001192092896	0.11437933892011642	0.0	0.0	-0.03249019756913185
-0.21400517225265503	-0.30000001192092896	0.11514301598072052	0.0	0.0	-0.03303465247154236
-0.21464093029499054	-0.30000001192092896	0.11542630195617676	0.0	0.0	-0.03303465247154236
-0.21538294851779938	-0.30000001192092896	0.11536701023578644	0.0	0.0	-0.032827600836753845
-0.21601872146129608	-0.30000001192092896	0.11564985662698746	0.0	0.0	-0.032827600836753845
-0.21826998889446259	-0.30000001192092896	0.11434847861528397	0.0	0.0	-0.03210912644863129
-0.21797685325145721	-0.30000001192092896	0.11356080323457718	0.0	0.0	-0.03228388726711273
-0.21992026269435883	-0.30000001192092896	0.1141192615032196	0.0	0.0	-0.0321052111685276
-0.22055675089359283	-0.30000001192092896	0.1143990233540535	0.0	0.0	-0.0321052111685276
-0.22098428010940552	-0.30000001192092896	0.1142614558339119	0.0	0.0	-0.032369792461395264
-0.22141003608703613	-0.30000001192092896	0.11489838361740112	0.0	0.0	-0.0314343199133873
-0.2221166342496872	-0.30000001192092896	0.1148160845041275	0.0	0.0	-0.03182358294725418
-0.22305332124233246	-0.30000001192092896	0.11435605585575104	0.0	0.0	-0.03162604570388794
-0.22399908304214478	-0.30000001192092896	0.11425189673900604	0.0	0.0	-0.03607197105884552
-0.2244928479194641	-0.30000001192092896	0.11368905752897263	0.0	0.0	-0.030724655836820602
-0.2251293659210205	-0.30000001192092896	0.11396560072898865	0.0	0.0	-0.030724655836820602
-0.22610123455524445	-0.30000001192092896	0.11388247460126877	0.0	0.0	-0.03265451267361641
-0.2273799031972885	-0.30000001192092896	0.11394935101270676	0.0	0.0	-0.03120555728673935
-0.22801674902439117	-0.30000001192092896	0.1142251119017601	0.0	0.0	-0.03120555728673935
-0.2299431413412094	-0.30000001192092896	0.11355288326740265	0.0	0.0	-0.029595309868454933
-0.22939853370189667	-0.30000001192092896	0.11440976709127426	0.0	0.0	-0.03132561221718788
-0.230524942278862	-0.30000001192092896	0.1138487309217453	0.0	0.0	-0.03171064704656601
-0.23253197968006134	-0.30000001192092896	0.11368315666913986	0.0	0.0	-0.031922634690999985
-0.23316945135593414	-0.30000001192092896	0.11395661532878876	0.0	0.0	-0.031922634690999985
-0.23439671099185944	-0.30000001192092896	0.11432631313800812	0.0	0.0	-0.032130785286426544
