0.0
0.003960371017456055
0.015900135040283203
0.04969501495361328
0.08156991004943848
0.11444354057312012
0.14763522148132324
0.18036460876464844
0.21445512771606445
0.2470242977142334
0.27892446517944336
0.31270551681518555
0.3448188304901123
0.37770867347717285
0.409834623336792
0.442716121673584
0.4763481616973877
0.5083184242248535
0.5419864654541016
0.5752038955688477
0.607630729675293
0.6403858661651611
0.6732277870178223
0.7060723304748535
0.7395749092102051
0.7757441997528076
0.8055453300476074
0.8380386829376221
0.8734021186828613
0.9047973155975342
0.9369583129882812
0.9695348739624023
1.0024476051330566
1.0362136363983154
1.069624900817871
1.1023762226104736
1.1357898712158203
1.168062448501587
1.2002463340759277
1.233095407485962
1.2672533988952637
1.2988731861114502
1.3320269584655762
1.3657433986663818
1.398557186126709
1.4306607246398926
1.4641804695129395
1.4971704483032227
1.5301032066345215
1.5624520778656006
1.5956082344055176
1.6280550956726074
1.6609938144683838
1.6936094760894775
1.7264690399169922
1.7592620849609375
1.7921295166015625
1.8250820636749268
1.8586153984069824
1.8907968997955322
1.9236512184143066
1.956428050994873
1.9891331195831299
2.022444248199463
2.055126905441284
2.0878829956054688
2.1205337047576904
2.15336537361145
2.1866440773010254
2.2198424339294434
2.2524383068084717
2.285423755645752
2.3180642127990723
2.3511557579040527
2.383918046951294
2.4166650772094727
2.4494476318359375
2.482516288757324
2.515717029571533
2.5477120876312256
2.581399440765381
2.6136858463287354
2.646298885345459
2.6794233322143555
2.712188243865967
2.744843006134033
2.7788169384002686
2.81162691116333
2.844395160675049
2.8765172958374023
2.9100759029388428
2.942741632461548
2.975041627883911
3.012178659439087
3.0451412200927734
3.077266216278076
3.110755681991577
3.1436550617218018
3.1761534214019775
3.2089743614196777
3.24230694770813
3.2751214504241943
3.3087425231933594
3.342128276824951
3.3750088214874268
3.4072556495666504
3.4398324489593506
3.4733963012695312
3.505716562271118
3.538292169570923
3.570808172225952
3.6040172576904297
3.637716770172119
3.6700356006622314
3.703235149383545
3.7358171939849854
3.768573522567749
3.8013057708740234
3.8345119953155518
3.8676044940948486
3.9003725051879883
3.9330267906188965
3.9664809703826904
3.999101161956787
4.032289028167725
4.064772129058838
4.0978474617004395
4.130146503448486
4.16274356842041
4.195635795593262
4.228144645690918
4.260719537734985
4.2935686111450195
4.32655930519104
4.3591132164001465
4.392054080963135
4.424566030502319
4.457833290100098
4.490460157394409
4.5236382484436035
4.55598783493042
4.5888190269470215
4.621747732162476
4.655214309692383
4.6879541873931885
4.720573663711548
4.753273248672485
4.7859320640563965
4.8191845417022705
4.8522257804870605
4.885102033615112
4.917341470718384
4.950716018676758
4.98433256149292
5.019640207290649
5.050360202789307
5.085005283355713
5.116848707199097
5.149225950241089
5.182495832443237
5.215715169906616
5.249095916748047
5.28088116645813
5.3133697509765625
5.346404075622559
5.380730390548706
5.412675857543945
5.44693922996521
5.478912115097046
5.511050701141357
5.5457236766815186
5.577019929885864
5.611307382583618
5.643332004547119
5.675787925720215
5.709096670150757
5.7413763999938965
5.775003910064697
5.807088851928711
5.839436769485474
5.8720715045928955
5.905093193054199
5.9377121925354
5.970418691635132
6.0042078495025635
6.036571502685547
6.06889271736145
6.1018500328063965
6.134850025177002
6.167438507080078
6.199985027313232
6.23270320892334
6.2652904987335205
6.2980732917785645
6.3306884765625
6.363541126251221
6.397005558013916
6.429350137710571
6.462223052978516
6.494882345199585
6.5281007289886475
6.560956001281738
6.594242095947266
6.627472162246704
6.660163164138794
6.6920201778411865
6.724628686904907
6.75735068321228
6.79097580909729
6.823023557662964
6.855919361114502
6.888523578643799
6.9214537143707275
6.954375267028809
6.987314224243164
7.020718336105347
7.0533952713012695
7.08615255355835
7.119406700134277
7.151982069015503
7.185327053070068
7.218042612075806
7.250959873199463
7.284451484680176
7.318483829498291
7.3513102531433105
7.383500337600708
7.417543649673462
7.449243545532227
7.48248553276062
7.514776706695557
7.548098564147949
7.581842422485352
7.614855527877808
7.64730167388916
7.680517196655273
7.713804006576538
7.7456793785095215
7.777926921844482
7.811041593551636
7.845305442810059
7.876765727996826
7.910287141799927
7.943088531494141
7.975356817245483
8.008427381515503
8.041860580444336
8.074145555496216
8.106927394866943
8.140007495880127
8.172516107559204
8.205099105834961
8.238199472427368
8.27140760421753
8.303894758224487
8.336763620376587
8.369832992553711
8.40254545211792
8.43570351600647
8.468235492706299
8.501037359237671
8.53399658203125
8.567076921463013
8.599578857421875
8.632915019989014
8.665252208709717
8.69843077659607
8.731596946716309
8.764421463012695
8.79710578918457
8.829703569412231
8.862274646759033
8.895769834518433
8.928455114364624
8.961657047271729
8.993658781051636
9.027225494384766
9.059598445892334
9.09309983253479
9.125192880630493
9.157668590545654
9.190301656723022
9.222944974899292
9.255459308624268
9.289273500442505
9.32165813446045
9.35439658164978
9.387700319290161
9.420177936553955
9.453235864639282
9.485903978347778
9.518949031829834
9.551761150360107
9.583789587020874
9.61838984489441
9.649940490722656
9.683361053466797
9.715327262878418
9.75065565109253
9.781651258468628
9.81543755531311
9.84874439239502
9.881917476654053
9.91308069229126
9.9468674659729
9.980129480361938
10.012003898620605
10.045161962509155
10.078149318695068
10.110625267028809
10.143747806549072
10.177815914154053
10.209714412689209
10.242359399795532
10.274902582168579
10.308764934539795
10.340793371200562
10.372786283493042
10.406209230422974
10.438231468200684
10.471243858337402
10.503914594650269
10.536898612976074
10.569775104522705
10.602920532226562
10.635415315628052
10.667804479598999
10.700826644897461
10.73339056968689
10.765965938568115
10.798848152160645
10.831849575042725
10.86463212966919
10.897839069366455
10.930827379226685
10.963725805282593
10.997514009475708
11.029301404953003
11.062411308288574
11.09496021270752
11.128420352935791
11.160702466964722
11.193604469299316
11.227262020111084
11.259519815444946
11.292119264602661
11.324949026107788
11.35832166671753
11.390613794326782
11.424094200134277
11.456248044967651
11.489329099655151
11.522623777389526
11.555934429168701
11.588447093963623
11.62112307548523
11.65425729751587
11.686938524246216
11.720210313796997
11.753567695617676
11.785927534103394
11.818483829498291
11.851622104644775
11.886164426803589
11.917938947677612
11.951314687728882
11.983503103256226
12.017243146896362
12.05017614364624
12.083919763565063
12.116647005081177
12.148910760879517
12.181404113769531
12.214735507965088
12.248427867889404
12.280823945999146
12.31348466873169
12.347073078155518
12.379279613494873
12.412410020828247
12.44547963142395
12.47764801979065
12.510576725006104
12.54386305809021
12.576824426651001
12.609306335449219
12.642046689987183
12.675390481948853
12.707572937011719
12.740107297897339
12.77276873588562
12.806141138076782
12.838784217834473
12.871571779251099
12.904521226882935
12.937482595443726
12.970364332199097
13.003129243850708
13.03626298904419
13.06881046295166
13.10124397277832
13.134221315383911
13.16733717918396
13.200154066085815
13.233051538467407
13.2657949924469
13.298331260681152
13.332069158554077
13.364381074905396
13.397613763809204
13.429637432098389
13.461979150772095
13.49522852897644
13.527513265609741
13.560497283935547
13.593033790588379
13.62609577178955
13.658337354660034
13.691731929779053
13.724230289459229
13.75649905204773
13.789400100708008
13.822657823562622
13.85507607460022
13.890004396438599
13.921246528625488
13.95506739616394
13.987443447113037
14.020600318908691
14.052588701248169
14.085416316986084
14.11746883392334
14.151602029800415
14.184646129608154
14.21630334854126
14.2491455078125
14.282289505004883
14.315890550613403
14.349329710006714
14.384377717971802
14.41575837135315
14.447919130325317
14.48073959350586
14.514957189559937
14.547288179397583
14.579713582992554
14.613752841949463
14.64504623413086
14.677753925323486
14.710532426834106
14.743841409683228
14.776490211486816
14.808870792388916
14.842260599136353
14.874634742736816
14.907780170440674
14.940247774124146
14.973023891448975
15.005770921707153
15.038539171218872
15.071595430374146
15.104276657104492
15.13679051399231
15.170023202896118
15.203012228012085
15.235488653182983
15.267975568771362
15.30067491531372
15.334208250045776
15.366597175598145
15.399298191070557
15.432595252990723
15.464910984039307
15.497509002685547
15.530651092529297
15.563612699508667
15.595800399780273
15.63008737564087
15.662223100662231
15.694736242294312
15.727389335632324
15.760105609893799
15.793153047561646
15.825844526290894
15.85903263092041
15.892821073532104
15.924312591552734
15.95734453201294
15.990469694137573
16.02201533317566
16.0548095703125
16.08791708946228
16.12068462371826
16.15323233604431
16.186331748962402
16.219127893447876
16.252085208892822
16.28533911705017
16.317638874053955
16.35060214996338
16.383159160614014
16.4160737991333
16.449198722839355
16.481950044631958
16.51489233970642
16.547959089279175
16.581002950668335
16.613651752471924
16.646507263183594
16.67963194847107
16.712327003479004
16.745209455490112
16.778245449066162
16.811249017715454
16.844184637069702
16.877155303955078
16.91027069091797
16.94293236732483
16.975794315338135
17.008623361587524
17.041564226150513
17.074140548706055
17.106977939605713
17.13992214202881
17.17293953895569
17.205888748168945
17.23891830444336
17.271862983703613
17.304766416549683
17.33765721321106
17.370666027069092
17.4037184715271
17.4366557598114
17.469691514968872
17.50241494178772
17.53525996208191
17.56836771965027
17.60152268409729
17.634065628051758
17.667048931121826
17.70018696784973
17.732797384262085
17.765740871429443
17.79865050315857
17.831774950027466
17.864854097366333
17.897552728652954
17.93065071105957
17.963539600372314
17.99637484550476
18.028922080993652
18.06158137321472
18.094167470932007
18.126864671707153
18.16017508506775
18.19273805618286
18.225500106811523
18.258500337600708
18.291635513305664
18.324946641921997
18.35744333267212
18.39187502861023
18.424420833587646
18.457295179367065
18.490676164627075
18.523077249526978
18.556203842163086
18.589229583740234
18.62213158607483
18.6553692817688
18.68854308128357
18.72104263305664
18.753666400909424
18.788442134857178
