0.0
-0.15000000596046448
-0.15000000596046448
-0.15000000596046448
-0.15000000596046448
-0.15000000596046448
0.0
-0.15000000596046448
-0.13025915622711182
0.0
-0.08798428624868393
-0.06121819466352463
-0.03360860422253609
-0.012811345048248768
0.004953763447701931
0.01288025826215744
0.015728972852230072
0.012255709618330002
0.004726732149720192
-0.00833076611161232
-0.020133936777710915
-0.03143038600683212
-0.042166028171777725
-0.04916195198893547
-0.05251587554812431
-0.054875824600458145
-0.05398048087954521
-0.05170268937945366
-0.04772721603512764
-0.04157275706529617
-0.034590233117341995
-0.026555899530649185
-0.019295332953333855
-0.015440109185874462
-0.0117508415132761
-0.0025023482739925385
-0.0009628032566979527
0.0010454902658239007
0.0023231853265315294
0.0026955304201692343
0.001759744598530233
0.000296063139103353
-0.0004348752845544368
-0.0014585924800485373
-0.002440780634060502
-0.002886909758672118
-0.0031029738020151854
-0.0024352020118385553
-0.0019163406686857343
-0.002230163663625717
-0.00118287093937397
-0.0010583443799987435
-0.00219749566167593
-0.0034857350401580334
-0.0033366591669619083
-0.0034592447336763144
-0.00338624301366508
-0.006139241624623537
-0.007268544752150774
-0.009701290167868137
-0.012299751862883568
-0.015882529318332672
-0.019696423783898354
-0.02062198519706726
-0.0232410691678524
-0.024334458634257317
-0.025883877649903297
-0.02623108960688114
-0.026365388184785843
-0.028657905757427216
-0.028353439643979073
-0.0280009638518095
-0.027189169079065323
-0.026572855189442635
-0.024643409997224808
-0.023555565625429153
-0.02165239118039608
-0.021405622363090515
-0.02263873629271984
-0.021497713401913643
-0.021236075088381767
-0.017936594784259796
-0.017359314486384392
-0.017394978553056717
-0.016728581860661507
-0.01764475554227829
-0.019083596765995026
-0.02076377533376217
-0.02158384583890438
-0.02152358368039131
-0.021567055955529213
-0.02201925590634346
-0.021077660843729973
-0.0216518621891737
-0.021772973239421844
