0.0
-0.2970446050167084
-0.29764416813850403
-0.29815396666526794
-0.2984771132469177
-0.2993743419647217
-0.29997390508651733
-0.30000001192092896
-0.30000001192092896
-0.30000001192092896
-0.30000001192092896
-0.30000001192092896
-0.30000001192092896
-0.30000001192092896
-0.30000001192092896
-0.30000001192092896
-0.30000001192092896
-0.30000001192092896
-0.30000001192092896
-0.30000001192092896
-0.30000001192092896
-0.30000001192092896
-0.30000001192092896
-0.30000001192092896
-0.30000001192092896
-0.30000001192092896
-0.30000001192092896
-0.30000001192092896
-0.30000001192092896
-0.30000001192092896
-0.30000001192092896
-0.30000001192092896
-0.30000001192092896
-0.30000001192092896
-0.30000001192092896
-0.30000001192092896
-0.30000001192092896
-0.30000001192092896
-0.30000001192092896
-0.30000001192092896
-0.30000001192092896
-0.30000001192092896
-0.30000001192092896
-0.30000001192092896
-0.30000001192092896
-0.30000001192092896
-0.30000001192092896
-0.29961255192756653
-0.2975689172744751
-0.2981679439544678
-0.2938622236251831
-0.29446113109588623
-0.29506003856658936
-0.2956589162349701
-0.2962578237056732
-0.29551565647125244
-0.29172152280807495
-0.2878849506378174
-0.2843257188796997
-0.28276410698890686
-0.2818489968776703
-0.2797335088253021
-0.280331552028656
-0.2809295952320099
-0.28152766823768616
-0.28212571144104004
-0.279591828584671
-0.23542365431785583
-0.23034293949604034
-0.22517159581184387
-0.22289752960205078
-0.22080768644809723
-0.21908564865589142
-0.21968136727809906
-0.2202770709991455
-0.22087278962135315
-0.2214685082435608
-0.22206422686576843
-0.21799910068511963
-0.21389620006084442
-0.20738814771175385
-0.20539483428001404
-0.2035592645406723
-0.20112411677837372
-0.19904688000679016
-0.1996375173330307
-0.20022815465927124
-0.20081880688667297
-0.2014094442129135
-0.19942952692508698
-0.19399866461753845
-0.18883271515369415
-0.18336814641952515
-0.18236230313777924
-0.18002788722515106
-0.17866262793540955
-0.17924250662326813
-0.1798224002122879
-0.18040227890014648
-0.18098215758800507
-0.18156203627586365
-0.1754063367843628
-0.17210014164447784
-0.16826355457305908
-0.16716276109218597
-0.16495239734649658
-0.16327235102653503
-0.16181547939777374
-0.16237708926200867
-0.1629386991262436
-0.16350030899047852
-0.16406191885471344
-0.16026994585990906
-0.15634670853614807
-0.15208600461483002
-0.15050767362117767
-0.14821304380893707
-0.1471279263496399
-0.1454630047082901
-0.14599595963954926
-0.1465289294719696
-0.14706188440322876
-0.14759483933448792
-0.14410348236560822
-0.1403503268957138
-0.13738824427127838
-0.13571836054325104
-0.13446295261383057
-0.13276730477809906
-0.13077089190483093
-0.13126623630523682
-0.1317615807056427
-0.13225692510604858
-0.10005953162908554
-0.10055487602949142
-0.09679283946752548
-0.09261591732501984
-0.0896197035908699
-0.08653661608695984
-0.08401770144701004
-0.08273030817508698
-0.08122943341732025
-0.08165877312421799
-0.08208811283111572
-0.08251745253801346
-0.08294679969549179
-0.08337613940238953
-0.07952625304460526
-0.0735059529542923
0.0
-0.0658847764134407
-0.06348735094070435
-0.06121265888214111
-0.06003868952393532
-0.060368940234184265
-0.06069919094443321
-0.06102943792939186
-0.05764462426304817
-0.055964983999729156
-0.05013466626405716
-0.046650275588035583
-0.04690966755151749
-0.0454726368188858
-0.043635737150907516
-0.04157675430178642
-0.04060482233762741
-0.038543976843357086
-0.036435484886169434
-0.03305067494511604
-0.03188485652208328
-0.029636859893798828
-0.026511341333389282
-0.02665838412940502
-0.02367609553039074
-0.0210020262748003
-0.018449950963258743
-0.01636745035648346
-0.014332512393593788
-0.012202759273350239
-0.010819424875080585
-0.010082386434078217
-0.008620519191026688
-0.0062842522747814655
-0.004693250171840191
-0.004083762876689434
-0.00410588039085269
-0.002357004676014185
-0.0017877024365589023
0.0003457005077507347
0.0007115284097380936
0.00187060481403023
0.0026291452813893557
0.0030777042265981436
0.004186409525573254
0.004670876078307629
0.005448836833238602
0.005117091350257397
0.005172288976609707
0.006424672435969114
0.010279322974383831
0.010511324740946293
0.011042149737477303
0.00960166659206152
0.010805187746882439
0.01099194772541523
0.011015759781002998
0.011190655641257763
0.010645889677107334
0.010718868114054203
0.010908904485404491
0.010982649400830269
0.01102973148226738
0.01175639871507883
0.01299020554870367
0.010743547230958939
0.011296043172478676
0.010904702357947826
0.010478063486516476
0.01054544560611248
0.008770505897700787
0.008195247501134872
0.00824728049337864
0.008299313485622406
0.008351346477866173
0.006560956593602896
0.004795172717422247
0.001582674914970994
0.0009885685285553336
-0.0010649081086739898
-0.0014160218415781856
-0.0015112132532522082
-0.0015250593423843384
-0.0015389053151011467
-0.0015527514042332768
-0.0015665973769500852
-0.0015804434660822153
-0.003841638332232833
-0.00473603792488575
-0.007873088121414185
-0.006981981452554464
-0.007333443500101566
-0.008375611156225204
-0.008768751285970211
-0.008839071728289127
-0.008909391239285469
-0.008979711681604385
-0.009050031192600727
-0.009120350703597069
-0.009584521874785423
-0.010029328055679798
-0.011410857550799847
-0.012737910263240337
-0.012832035310566425
-0.014941483736038208
-0.013411269523203373
-0.013508087024092674
-0.01360490545630455
-0.013701723888516426
-0.013798542320728302
-0.014435718767344952
-0.015282588079571724
-0.01685810275375843
-0.017784303054213524
-0.019806521013379097
-0.018145620822906494
-0.019628722220659256
-0.02069769985973835
-0.02084048092365265
-0.020983263850212097
-0.021126046776771545
-0.021268829703330994
-0.021411610767245293
-0.02090669609606266
-0.02245916798710823
-0.022878143936395645
-0.023970959708094597
-0.02288699522614479
-0.023034347221255302
-0.02363463118672371
-0.023784656077623367
-0.023934680968523026
-0.024084707722067833
-0.02423473261296749
-0.02438475750386715
-0.023714307695627213
-0.023804694414138794
-0.02264878712594509
-0.023736461997032166
-0.022136732935905457
-0.023362567648291588
-0.022334860637784004
-0.0211514662951231
-0.02127690799534321
-0.021402349695563316
-0.021527789533138275
-0.021653231233358383
-0.02169959433376789
-0.019866280257701874
-0.01732921227812767
-0.015452075749635696
-0.014379730448126793
-0.01175285130739212
-0.010519037954509258
-0.010579138994216919
-0.01063924003392458
-0.01069934107363224
-0.010759441182017326
-0.010819542221724987
-0.008110231719911098
-0.005481155123561621
-0.006677854806184769
-0.00684062484651804
-0.006878091488033533
-0.0065901437774300575
-0.005403859540820122
-0.005433058366179466
-0.005462257657200098
-0.0054914564825594425
-0.005520655307918787
-0.0038564105052500963
-0.0009292857139371336
0.0001958072098204866
0.0018206340027973056
0.0017736121080815792
0.0025260108523070812
0.0025563924573361874
0.00320903561078012
0.0032465322874486446
0.0032840287312865257
0.0033215254079550505
0.005083865020424128
0.006172229535877705
0.005885305814445019
0.005398680455982685
0.005324231926351786
0.004994513932615519
0.004090969916433096
0.0041199722327291965
0.00414897408336401
0.0041779763996601105
0.004206978250294924
0.004235980566591024
0.0032141150441020727
0.006278937216848135
0.008065185509622097
0.009889810346066952
0.011059178970754147
0.011131083592772484
0.011872132308781147
0.011948195286095142
0.012024257332086563
0.012100320309400558
0.01217638235539198
0.012322574853897095
0.010852450504899025
0.0063400366343557835
0.004085595719516277
0.0016744614113122225
0.0016848656814545393
0.0003562287602107972
0.00261129904538393
0.002627195790410042
0.0026430925354361534
0.002658989280462265
0.0026748860254883766
0.0026907827705144882
0.0027066795155406
0.00537555618211627
0.009168654680252075
0.013020689599215984
0.013352422043681145
0.01062474399805069
0.010684434324502945
0.00900387205183506
0.008495338261127472
0.008542485535144806
0.008589631877839565
0.0086367791518569
0.008683925494551659
0.003802696941420436
0.0018935705302283168
0.0037728450261056423
0.003291662549600005
0.0033093243837356567
0.003261798759922385
0.0032791164703667164
0.0032964341808110476
0.0033137518912553787
0.00333106960169971
0.0033483870793133974
0.004373861476778984
0.002809943398460746
0.0007122737588360906
-0.0002709362015593797
-0.001887009129859507
-0.0018411020282655954
-0.001854726579040289
-0.0018683511298149824
-0.001881975680589676
-0.0018956002313643694
-0.0019092247821390629
-0.0030801305547356606
-0.003101880196481943
-0.0031236300710588694
-0.003145379712805152
-0.0031671293545514345
-0.0031888792291283607
-0.0032106288708746433
-0.003232378512620926
-0.0032541281543672085
-0.0032758780289441347
-0.0032976276706904173
-0.0033193773124367
-0.0033411269541829824
-0.0033628768287599087
-0.0033846264705061913
-0.0009230891591869295
0.0008927471935749054
0.0009717168868519366
-0.001843453967012465
-0.006569029297679663
-0.011271024122834206
-0.015837857499718666
-0.01706888899207115
-0.019980663433670998
-0.022335387766361237
-0.022618994116783142
-0.02385760471224785
-0.02292492985725403
-0.025314699858427048
-0.030024895444512367
-0.030194386839866638
-0.03036387823522091
-0.03053336963057518
-0.03070286102592945
-0.030918486416339874
-0.03450842574238777
-0.03464449197053909
-0.038090918213129044
-0.03846991807222366
-0.03955657407641411
-0.04050155729055405
-0.0407126322388649
-0.04092370718717575
-0.0411347821354866
-0.041345857083797455
-0.04319699481129646
-0.04407498612999916
-0.04810988903045654
-0.05151516944169998
-0.05503042787313461
-0.055347543209791183
-0.05764658749103546
-0.05999297276139259
-0.06027645245194435
-0.06055993586778641
-0.060843415558338165
-0.06112689897418022
-0.06141037866473198
-0.06398271024227142
-0.04771781712770462
-0.04989013820886612
-0.051436372101306915
-0.052860405296087265
-0.05326402559876442
-0.05429743230342865
-0.05462246760725975
-0.05494749918580055
-0.055272530764341354
-0.055597566068172455
-0.055893607437610626
-0.05653422698378563
-0.05572257936000824
-0.05591469258069992
-0.0562858022749424
-0.0561889111995697
-0.05575792118906975
-0.056073419749736786
-0.056388918310403824
-0.05670441687107086
-0.0570199154317379
-0.05778533220291138
-0.05803924798965454
-0.05861920490860939
-0.06051916629076004
-0.06083628535270691
-0.06140018254518509
-0.0617263987660408
-0.062052614986896515
-0.06237883120775223
-0.06270504742860794
-0.06303126364946365
-0.06335747987031937
-0.0636632889509201
-0.06346472352743149
-0.06368330121040344
-0.0633171945810318
-0.06521037220954895
-0.06637018918991089
-0.06712402403354645
-0.0674561932682991
-0.06778836250305176
-0.06812053173780441
-0.06845270842313766
-0.07006067782640457
-0.06994961202144623
-0.06721821427345276
-0.06700745970010757
-0.0670953243970871
-0.0674157366156578
-0.06764625012874603
-0.06796631217002869
-0.06828636676073074
-0.0686064288020134
-0.06787251681089401
-0.06798989325761795
-0.06876251101493835
-0.06958688795566559
-0.07103928178548813
-0.07166474312543869
-0.07198908179998398
-0.07231342792510986
-0.07263776659965515
-0.07296211272478104
-0.07328645139932632
-0.05252857133746147
-0.053145527839660645
-0.05397137254476547
-0.05460408702492714
-0.054914895445108414
-0.05742834508419037
-0.05812564492225647
-0.058466747403144836
-0.0588078536093235
-0.05914895609021187
-0.05949006229639053
-0.0598311647772789
-0.060172270983457565
-0.061477240175008774
-0.06482452899217606
-0.06518254429101944
-0.06554055958986282
-0.0658985823392868
-0.0681123435497284
-0.06838317215442657
-0.06834609806537628
-0.06762388348579407
-0.06704067438840866
-0.06828511506319046
-0.06987965106964111
-0.07024352997541428
-0.07060741633176804
-0.0709713026881218
-0.07185947895050049
-0.07294590771198273
-0.0754096657037735
-0.07612131536006927
-0.07659941166639328
-0.07700043171644211
-0.07737872749567032
-0.07844393700361252
-0.0788247287273407
-0.07920552790164948
-0.07958631962537766
-0.07996711134910583
-0.08283206820487976
-0.08443103730678558
-0.08529336750507355
-0.08732107281684875
-0.08898778259754181
-0.0893927812576294
-0.08981040865182877
-0.09021187573671341
-0.09061689674854279
-0.09102191776037216
-0.09142694622278214
-0.09183196723461151
-0.09383975714445114
-0.09584265947341919
-0.09856723248958588
-0.09972692281007767
-0.099972665309906
-0.10126929730176926
-0.10304361581802368
-0.1034739688038826
-0.10390432178974152
-0.10433466732501984
-0.10476502031087875
-0.10519537329673767
-0.10582484304904938
-0.07806108146905899
-0.07795091718435287
-0.07925491034984589
-0.08060552179813385
-0.08164287358522415
-0.08207947760820389
-0.08251607418060303
-0.08295267820358276
-0.0833892747759819
-0.08382587879896164
-0.08426247537136078
-0.08500582724809647
-0.08500215411186218
-0.08346633613109589
-0.08214280754327774
-0.07997515052556992
-0.08038990944623947
-0.07961524277925491
-0.0800258219242096
-0.08043640106916428
-0.08084697276353836
-0.08125755190849304
-0.08170150965452194
-0.08279326558113098
-0.0846896842122078
-0.08543315529823303
-0.085891492664814
-0.0859532505273819
-0.08645766228437424
-0.08687607198953629
-0.08729447424411774
-0.08771287649869919
-0.08813128620386124
-0.08854968845844269
-0.08890490233898163
-0.08605708926916122
-0.0839601457118988
-0.08545548468828201
-0.0858851969242096
-0.08584000915288925
-0.08780168741941452
-0.08820812404155731
-0.0886145606637001
-0.0890209972858429
-0.08942743390798569
-0.08983387053012848
-0.09112855046987534
-0.09219763427972794
-0.0936184823513031
-0.09371256083250046
-0.09490203112363815
-0.09645246714353561
-0.09769167006015778
-0.09811371564865112
-0.09853576868772507
-0.09895781427621841
-0.09937986731529236
-0.0998019129037857
-0.1010567918419838
-0.1006825864315033
-0.10218290239572525
-0.10397268086671829
-0.10579737275838852
-0.1070343554019928
-0.10746992379426956
-0.10790549218654633
-0.07959359139204025
-0.08002915978431702
-0.08046472817659378
-0.08094169944524765
-0.08111084252595901
-0.0810011625289917
-0.07915899902582169
-0.07925037294626236
-0.0787835642695427
-0.07920442521572113
-0.07962528616189957
-0.080046147108078
-0.08046700805425644
-0.08088787645101547
-0.07853298634290695
-0.0769381895661354
-0.07369303703308105
-0.06963431090116501
-0.06751283258199692
-0.06693627685308456
-0.06596223264932632
-0.06631611287593842
-0.0666699931025505
-0.0670238807797432
-0.06737776100635529
-0.06773164123296738
-0.06624048948287964
-0.06374998390674591
-0.06198097765445709
-0.05956270173192024
-0.059562504291534424
-0.05797601491212845
-0.058872368186712265
-0.059179600328207016
-0.05948683246970177
-0.05979406088590622
-0.06010129302740097
-0.05923609435558319
-0.057760465890169144
-0.058496590703725815
-0.05965006723999977
-0.06049133092164993
-0.06062297523021698
-0.06158430501818657
-0.06188878417015076
-0.062193263322114944
-0.06249774247407913
-0.06280221790075302
-0.06310670077800751
-0.06423227488994598
-0.06151655688881874
-0.06058117002248764
-0.0612703375518322
-0.06108802184462547
-0.060825951397418976
-0.06111397594213486
-0.06140200421214104
-0.06169002875685692
-0.0619780570268631
-0.06226608157157898
-0.06406490504741669
-0.06549131125211716
-0.0682557076215744
-0.0711107850074768
-0.07219895720481873
-0.07417560368776321
-0.054715596139431
-0.05505034327507019
-0.05538508668541908
-0.05571983382105827
-0.056054577231407166
-0.056389324367046356
-0.05672407150268555
-0.05776394158601761
-0.05809180811047554
-0.05946815013885498
-0.06175200268626213
-0.06461820751428604
-0.06497987359762192
-0.0653415396809578
-0.06570320576429367
-0.06606487184762955
-0.06642653793096542
-0.0667882114648819
-0.06714987754821777
-0.06751154363155365
-0.06787320971488953
-0.0682348757982254
-0.06859654188156128
-0.06895821541547775
-0.06931988149881363
-0.0696815475821495
-0.07004321366548538
-0.07040487974882126
-0.07076654583215714
-0.07112821191549301
-0.07148988544940948
-0.07185155153274536
-0.07378634810447693
-0.0753670409321785
-0.07579648494720459
-0.07620963454246521
-0.07618550211191177
-0.07604947686195374
-0.07547949254512787
-0.0757933035492897
-0.07693839818239212
-0.07770775258541107
-0.07975434511899948
-0.08037209510803223
-0.08160343021154404
-0.0820186585187912
-0.08274561166763306
-0.0827130451798439
-0.08309279382228851
-0.08347254246473312
-0.08385228365659714
-0.08423203229904175
-0.08802821487188339
-0.08878935873508453
-0.08960853517055511
-0.09053834527730942
-0.09093400835990906
-0.09180095791816711
-0.09223926067352295
-0.09263657033443451
-0.09303388744592667
-0.09343119710683823
-0.09382850676774979
-0.09483280032873154
-0.09681355208158493
-0.09731608629226685
-0.07130662351846695
-0.07178746908903122
-0.07219328731298447
-0.07255551964044571
-0.07296117395162582
-0.07336682081222534
-0.07377246767282486
-0.07417812198400497
-0.07499174773693085
-0.07512211054563522
-0.07592424750328064
-0.07739415764808655
-0.0774196982383728
-0.07796278595924377
-0.07837332785129547
-0.07878386974334717
-0.07919441163539886
-0.07960495352745056
-0.08001550287008286
-0.08032301068305969
-0.08081281930208206
-0.08178186416625977
-0.08180783689022064
-0.08143267035484314
-0.08106162399053574
-0.08146722614765167
-0.08192005008459091
-0.08232581615447998
-0.08273158967494965
-0.08313735574483871
-0.08354312926530838
-0.08394889533519745
-0.08435466885566711
-0.08398524671792984
-0.0843883752822876
-0.08479149639606476
-0.08484026044607162
-0.08524218201637268
-0.08564409613609314
-0.08638887852430344
-0.08679194748401642
-0.08719502389431
-0.08759809285402298
-0.0880708172917366
-0.08847411721944809
-0.08887741714715958
-0.08927281945943832
-0.07072212547063828
-0.07112539559602737
-0.07152867317199707
-0.07251475751399994
-0.07292025536298752
-0.07430598884820938
-0.07604991644620895
-0.07787475734949112
-0.0784936398267746
-0.07803524285554886
-0.078451968729496
-0.07886869460344315
-0.07928542047739029
-0.07970213890075684
-0.07920696586370468
-0.07938116788864136
-0.08088438957929611
0.0
0.0
0.0
0.0
0.0
0.0
0.0
0.0
0.0
0.0
0.0
0.0
0.0
0.0
0.0
0.0
0.0
0.0
0.0
0.0
0.0
0.0
0.0
0.0
0.0
0.0
0.0
0.0
-0.08556823432445526
-0.08567111194133759
-0.08665841072797775
-0.08719678968191147
-0.0876287892460823
-0.08894724398851395
-0.08977294713258743
-0.09148412197828293
-0.09192419052124023
-0.09221845865249634
-0.09309714287519455
-0.09341447800397873
-0.09387872368097305
-0.09451985359191895
-0.09505527466535568
-0.0971396267414093
-0.0824788361787796
-0.08325577527284622
-0.08370207250118256
-0.0843416228890419
-0.08429215103387833
-0.08471784740686417
-0.08509007841348648
-0.08556488901376724
-0.08446455001831055
-0.0852365717291832
-0.08380350470542908
-0.08352126181125641
-0.08395396918058395
-0.08284373581409454
-0.08024533838033676
-0.08066250383853912
-0.07982875406742096
-0.07937468588352203
-0.07850233465433121
-0.07787224650382996
-0.07680884748697281
-0.07661622762680054
-0.07693979889154434
-0.07702156156301498
-0.07741409540176392
-0.0781790092587471
-0.07799011468887329
-0.07675997167825699
-0.07714582234621048
-0.07643317431211472
-0.0745462104678154
-0.07391895353794098
-0.07214431464672089
-0.07075943052768707
-0.06958625465631485
-0.0687188133597374
-0.06772385537624359
-0.06786523014307022
-0.06756394356489182
-0.0678991973400116
-0.06831499189138412
-0.06865055859088898
-0.0691845491528511
-0.06921026855707169
-0.06854750216007233
-0.06668341159820557
-0.06549979001283646
-0.06392418593168259
-0.05991455912590027
-0.055748190730810165
-0.05602097883820534
-0.048935920000076294
-0.04917711764574051
-0.04416804015636444
-0.04240843653678894
-0.03814677521586418
-0.038192033767700195
-0.036091290414333344
-0.034338925033807755
-0.03388766944408417
-0.0328960120677948
-0.032459378242492676
-0.032617561519145966
-0.03075326979160309
-0.02961949072778225
-0.029762590304017067
-0.018538421019911766
-0.016374388709664345
-0.014014597982168198
-0.012022890150547028
-0.010096031241118908
-0.00697777746245265
-0.004478737711906433
-0.004510451573878527
-0.00015118643932510167
0.001200653612613678
0.0012101161992177367
0.0040390328504145145
0.005753887817263603
0.007736192084848881
0.008434455841779709
0.01092834398150444
0.013509349897503853
0.01420828141272068
0.016671735793352127
0.017625894397497177
0.019312912598252296
0.01944507472217083
0.021919626742601395
0.02206645905971527
0.024658838286995888
0.025253672152757645
0.02884085290133953
0.027633560821413994
0.028017420321702957
0.02831585891544819
0.02893299050629139
0.029580911621451378
0.0294351689517498
0.029616665095090866
0.028604954481124878
0.028411809355020523
0.02858460135757923
0.028590096160769463
0.02834639698266983
0.027967922389507294
0.027640551328659058
0.02732218988239765
0.02855420671403408
0.029343843460083008
0.02951422706246376
0.03067455254495144
0.031812217086553574
0.031655531376600266
0.032202575355768204
0.03238336741924286
0.033661842346191406
0.03330560401082039
0.03255296126008034
0.03327848017215729
0.033414844423532486
0.031979646533727646
0.03170386329293251
0.031911808997392654
0.030688423663377762
0.0308527834713459
0.031103797256946564
0.031347766518592834
0.03145486116409302
0.030511414632201195
0.028157508000731468
0.026026751846075058
0.018918104469776154
0.017564095556735992
0.01833990216255188
