0.0
1.4164654397373873
1.4164654397373873
1.4164654397373873
1.4186010496743886
1.4194024550977964
1.4193064202151546
1.4193064202151546
1.4193064202151546
1.4193064202151546
1.4188434115888355
1.4188434115888355
1.4183747828342443
1.4179932289834578
1.4178537939190872
1.4178537939190872
1.4191638531188842
1.4189997888047
1.418137922423801
1.4172797321833197
1.418137922423801
1.4178537939190872
1.4179964586096503
1.41845482684015
1.4177067783029802
1.4175307242816604
1.4175307242816604
1.4175237431660255
1.4175237431660255
1.4175227411380167
1.4170585945128726
1.4179852699038538
1.41845482684015
1.4186010496743886
1.4186010496743886
1.4186010496743886
1.4186010496743886
1.4186010496743886
1.4186010496743886
1.4186010496743886
1.4186010496743886
1.4186010496743886
1.4186010496743886
1.4186010496743886
1.4186010496743886
1.4186010496743886
1.418759120785135
1.4193064202151546
1.4186010496743886
1.4181299396640135
1.4186010496743886
1.4186010496743886
1.4186010496743886
1.4186010496743886
1.4186010496743886
1.418759120785135
1.4187560308615768
1.4186010496743886
1.418759120785135
1.4186010496743886
1.417887894687352
1.4165918249962803
1.4186010496743886
1.4186010496743886
1.4161795080811004
1.4161795080811004
1.4170496872584761
1.4170496872584761
1.4173097207499579
1.4173097207499579
1.4163228938876251
1.4164654397373873
1.4164654397373873
1.4164654397373873
1.4164654397373873
1.416775038761621
1.416775038761621
1.4169267748249246
1.4164654397373873
1.4164654397373873
1.4164683873291855
1.4156083520302196
1.4173126622598595
1.4163228938876251
1.4162151690352427
1.4156083520302196
1.4163228938876251
1.4163228938876251
1.4164654397373873
1.4164654397373873
1.4173778207232957
1.4173778207232957
1.4175189352173085
1.4169846127522883
1.4166741874871944
1.4169846127522883
1.416778143425989
1.4186440984666133
1.4173881011477125
1.4175292263545003
1.4166035553119976
1.4163228938876251
1.4163228938876251
1.4166741874871944
1.4164654397373873
1.4163551461564339
1.4162015238373875
1.4157513551025616
1.4157513551025616
1.4157513551025616
1.4157513551025616
1.4156083520302196
1.4157513551025616
1.4163200553901614
1.4163200553901614
1.4161795080811004
1.4161795080811004
1.4156083520302196
1.4164654397373873
1.4176669026826383
1.4175269400829513
1.4184580890747966
1.4186010496743886
1.418137922423801
1.4186010496743886
1.4186010496743886
1.4184580890747966
1.4174143542001698
1.419155154505147
1.4186010496743886
1.418137922423801
1.4186010496743886
1.4194037712654517
1.4185432305633707
1.4173097207499579
1.4194859848392074
1.419626985060835
1.4182319016630751
1.4182319016630751
1.417902802492141
1.4173097207499579
1.4176189087521143
1.4168861124431278
1.4176911790416664
1.4170291667340977
1.4168861124431278
1.4168861124431278
1.41698058514631
1.4168861124431278
1.41698058514631
1.41698058514631
1.4168861124431278
1.4168861124431278
1.4170291667340977
1.4171653852346306
1.4173097207499579
1.4176290483357823
1.416446772256255
1.4168861124431278
1.4168861124431278
1.4168861124431278
1.4168861124431278
1.4168861124431278
1.4168861124431278
1.4163106084221655
1.4168861124431278
1.4171715388362347
1.4166465031424653
1.417958758236998
1.418239617990843
1.4173097207499579
1.4206629972871399
1.419836218670806
1.4198249754772674
1.4198249754772674
1.417958758236998
1.418114691038636
1.418114691038636
1.417976570808018
1.4173097207499579
1.4186643780205703
1.4181030785625968
1.4181030785625968
1.4181030785625968
1.4192737729029465
1.4209931519526602
1.4205235616346756
1.419417025828601
1.419417025828601
1.420111811902683
1.420111811902683
1.4210024136495079
1.4190087557017375
1.419865154961612
1.419865154961612
1.4206629972871399
1.4201002975950792
1.420111811902683
1.420111811902683
1.4193064202151546
1.4193064202151546
1.4193064202151546
1.4193064202151546
1.4193064202151546
1.4193064202151546
1.4201002975950792
1.4193064202151546
1.4193064202151546
1.4193064202151546
1.419393392594116
1.4193064202151546
1.4198670741130448
1.4198670741130448
1.4193064202151546
1.4193064202151546
1.4191638531188842
1.4191638531188842
1.4193064202151546
1.4193064202151546
1.4193064202151546
1.4188354273943586
1.4176267623878278
1.4157513551025616
1.4173097207499579
1.4168861124431278
1.4170291667340977
1.4170291667340977
1.4163228938876251
1.4163228938876251
1.4163228938876251
1.4161795080811004
1.4156036013010598
1.4160507321302713
1.4161795080811004
1.4160507321302713
1.4159208540623958
1.4150183570008439
1.4154719179732222
1.414752878259428
1.415206160982807
1.415206160982807
1.4135171913019526
1.415206160982807
1.4154751918333526
1.4174603033013102
1.4167577054058562
1.4168985150875606
1.4161795080811004
1.4144129722047556
1.4160478495179587
1.4160478495179587
1.4160478495179587
1.4161795080811004
1.4167490101975604
1.4167490101975604
1.4153362220797352
1.413731469695632
1.413731469695632
1.413731469695632
1.413731469695632
1.4140017333517374
1.4138726874499081
1.4138726874499081
1.4138726874499081
1.4138726874499081
1.4138726874499081
1.4138726874499081
1.4141772501239565
1.414883932376781
1.4157230082796142
1.4154751918333526
1.4159520665099616
1.416302005506563
1.4161795080811004
1.4161795080811004
1.4167490101975604
1.4157309337207729
1.4157309337207729
1.4157309337207729
1.4157309337207729
1.4157309337207729
1.4156083520302196
1.4161795080811004
1.4161795080811004
1.4157309337207729
1.4156083520302196
1.416002884210312
1.4160136674137291
1.4171334093601295
1.4171334093601295
1.4172830132196934
1.4179964586096503
1.4179964586096503
1.4157447074720917
1.4156083520302196
1.4157447074720917
1.4158634151615093
1.4156083520302196
1.4156083520302196
1.4161795080811004
1.4161795080811004
1.4161795080811004
1.4154652385082074
1.4161795080811004
1.4151116027307218
1.4148367921749887
1.4157513551025616
1.4158898184437352
1.4164654397373873
1.4164654397373873
1.4164654397373873
1.4164654397373873
1.4164654397373873
1.4156083520302196
1.4156083520302196
