0.0
0.0982372835278511
0.0982372835278511
0.08830874413251877
0.1000116840004921
0.10012991726398468
0.10107604786753654
0.10367585346102715
0.09381672739982605
0.09381672739982605
0.10769359022378922
0.11017393693327904
0.11017393693327904
0.07873979210853577
0.11348072811961174
0.1145436093211174
0.1145436093211174
0.11784669384360313
0.11973346769809723
0.11973346769809723
0.0902059506624937
0.12538933753967285
0.1263321489095688
0.12715598940849304
0.13068434596061707
0.13197757303714752
0.13197757303714752
0.12573960423469543
0.10320302844047546
0.09291937947273254
0.04477210342884064
-0.039032239466905594
-0.06505647301673889
-0.10110663622617722
0.0
0.0
0.0
0.0
0.0
0.0
0.0
0.0
0.0
0.0
0.0
0.0
0.0
0.0
0.0
0.0
0.0
