1.022097306596941313e-01 5.550897747837131579e-02 4.989262553212434059e-02 5.550897747837131579e-02
1.022097306596941313e-01 5.550897747837131579e-02 4.989262553212434059e-02 5.550897747837131579e-02
-2.047685324206691918e-03 7.708499276356674257e-02 2.203458239488127746e-02 7.708499276356674257e-02
-2.129362711506426614e-02 2.960175453846284124e-02 7.704067572429318562e-03 2.960175453846284124e-02
-2.129362711506426614e-02 2.960175453846284124e-02 7.704067572429318562e-03 2.960175453846284124e-02
-2.940969672302710600e-02 2.779557530850392325e-02 -3.965919798383613602e-03 2.779557530850392325e-02
-2.576861986237958396e-02 3.634513428821392611e-02 4.397206265828626330e-03 3.634513428821392611e-02
-2.940969672302710600e-02 2.779557530850392325e-02 -3.965919798383613602e-03 2.779557530850392325e-02
-2.940969672302710600e-02 2.779557530850392325e-02 -3.965919798383613602e-03 2.779557530850392325e-02
-2.940969672302710600e-02 2.779557530850392325e-02 -3.965919798383613602e-03 2.779557530850392325e-02
-2.100196533074854752e-02 2.823354820116966493e-02 7.780473032794621609e-03 2.823354820116966493e-02
-2.100196533074854752e-02 2.823354820116966493e-02 7.780473032794621609e-03 2.823354820116966493e-02
-2.100196533074854752e-02 2.823354820116966493e-02 7.780473032794621609e-03 2.823354820116966493e-02
-2.563554878479543109e-02 3.533071832830624731e-02 4.237564155101180251e-03 3.533071832830624731e-02
-2.100196533074854752e-02 2.823354820116966493e-02 7.780473032794621609e-03 2.823354820116966493e-02
-2.100196533074854752e-02 2.823354820116966493e-02 7.780473032794621609e-03 2.823354820116966493e-02
-2.100196533074854752e-02 2.823354820116966493e-02 7.780473032794621609e-03 2.823354820116966493e-02
-2.100196533074854752e-02 2.823354820116966493e-02 7.780473032794621609e-03 2.823354820116966493e-02
-2.100196533074854752e-02 2.823354820116966493e-02 7.780473032794621609e-03 2.823354820116966493e-02
-2.940969672302710600e-02 2.779557530850392325e-02 -3.965919798383613602e-03 2.779557530850392325e-02
-2.940969672302710600e-02 2.779557530850392325e-02 -3.965919798383613602e-03 2.779557530850392325e-02
-2.940969672302710600e-02 2.779557530850392325e-02 -3.965919798383613602e-03 2.779557530850392325e-02
-2.940969672302710600e-02 2.779557530850392325e-02 -3.965919798383613602e-03 2.779557530850392325e-02
-2.940969672302710600e-02 2.779557530850392325e-02 -3.965919798383613602e-03 2.779557530850392325e-02
-2.940969672302710600e-02 2.779557530850392325e-02 -3.965919798383613602e-03 2.779557530850392325e-02
-2.940969672302710600e-02 2.779557530850392325e-02 -3.965919798383613602e-03 2.779557530850392325e-02
-2.940969672302710600e-02 2.779557530850392325e-02 -3.965919798383613602e-03 2.779557530850392325e-02
-2.100196533074854752e-02 2.823354820116966493e-02 7.780473032794621609e-03 2.823354820116966493e-02
-2.795766340414356302e-02 4.230173208892588216e-02 3.174187856657518115e-03 4.230173208892588216e-02
-2.795766340414356302e-02 4.230173208892588216e-02 3.174187856657518115e-03 4.230173208892588216e-02
-2.053426029970827765e-02 3.338333907221488484e-02 8.186714530881709570e-03 3.338333907221488484e-02
-2.053426029970827765e-02 3.338333907221488484e-02 8.186714530881709570e-03 3.338333907221488484e-02
-2.258938321645349509e-02 3.218967469405213666e-02 8.812825379162258707e-03 3.218967469405213666e-02
-2.815417274407945938e-02 3.679844573675503799e-02 1.222114266576118874e-03 3.679844573675503799e-02
-2.815417274407945938e-02 3.679844573675503799e-02 1.222114266576118874e-03 3.679844573675503799e-02
-2.913235859333312971e-02 2.664755495646537950e-02 -3.963992634605438027e-03 2.664755495646537950e-02
-2.563554878479543109e-02 3.533071832830624731e-02 4.237564155101180251e-03 3.533071832830624731e-02
-2.563554878479543109e-02 3.533071832830624731e-02 4.237564155101180251e-03 3.533071832830624731e-02
-2.053426029970827765e-02 3.338333907221488484e-02 8.186714530881709570e-03 3.338333907221488484e-02
-2.940969672302710600e-02 2.779557530850392325e-02 -3.965919798383613602e-03 2.779557530850392325e-02
-2.053426029970827765e-02 3.338333907221488484e-02 8.186714530881709570e-03 3.338333907221488484e-02
-2.474997255212028555e-02 3.478030628476558306e-02 4.999761270648525428e-03 3.478030628476558306e-02
-2.474997255212028555e-02 3.478030628476558306e-02 4.999761270648525428e-03 3.478030628476558306e-02
-2.053426029970827765e-02 3.338333907221488484e-02 8.186714530881709570e-03 3.338333907221488484e-02
-2.100196533074854752e-02 2.823354820116966493e-02 7.780473032794621609e-03 2.823354820116966493e-02
-2.100196533074854752e-02 2.823354820116966493e-02 7.780473032794621609e-03 2.823354820116966493e-02
-2.053426029970827765e-02 3.338333907221488484e-02 8.186714530881709570e-03 3.338333907221488484e-02
-2.415171990438680361e-02 3.660680418270089581e-02 -5.272160056536605820e-03 3.660680418270089581e-02
-2.415171990438680361e-02 3.660680418270089581e-02 -5.272160056536605820e-03 3.660680418270089581e-02
-2.940969672302710600e-02 2.779557530850392325e-02 -3.965919798383613602e-03 2.779557530850392325e-02
-2.940969672302710600e-02 2.779557530850392325e-02 -3.965919798383613602e-03 2.779557530850392325e-02
-2.940969672302710600e-02 2.779557530850392325e-02 -3.965919798383613602e-03 2.779557530850392325e-02
-2.940969672302710600e-02 2.779557530850392325e-02 -3.965919798383613602e-03 2.779557530850392325e-02
-2.053426029970827765e-02 3.338333907221488484e-02 8.186714530881709570e-03 3.338333907221488484e-02
-2.763491396889488499e-02 3.622607886820176232e-02 4.557159175733429407e-03 3.622607886820176232e-02
-2.913235859333312971e-02 2.664755495646537950e-02 -3.963992634605438027e-03 2.664755495646537950e-02
-2.913235859333312971e-02 2.664755495646537950e-02 -3.963992634605438027e-03 2.664755495646537950e-02
-2.910776249728032339e-02 3.862885561378479049e-02 -7.247980252532726722e-03 3.862885561378479049e-02
-2.910776249728032339e-02 3.862885561378479049e-02 -7.247980252532726722e-03 3.862885561378479049e-02
-2.910776249728032339e-02 3.862885561378479049e-02 -7.247980252532726722e-03 3.862885561378479049e-02
-2.913235859333312971e-02 2.664755495646537950e-02 -3.963992634605438027e-03 2.664755495646537950e-02
-2.913235859333312971e-02 2.664755495646537950e-02 -3.963992634605438027e-03 2.664755495646537950e-02
-2.913235859333312971e-02 2.664755495646537950e-02 -3.963992634605438027e-03 2.664755495646537950e-02
-2.913235859333312971e-02 2.664755495646537950e-02 -3.963992634605438027e-03 2.664755495646537950e-02
-2.815417274407945938e-02 3.679844573675503799e-02 1.222114266576118874e-03 3.679844573675503799e-02
-2.563554878479543109e-02 3.533071832830624731e-02 4.237564155101180251e-03 3.533071832830624731e-02
-2.563554878479543109e-02 3.533071832830624731e-02 4.237564155101180251e-03 3.533071832830624731e-02
-2.815417274407945938e-02 3.679844573675503799e-02 1.222114266576118874e-03 3.679844573675503799e-02
-2.815417274407945938e-02 3.679844573675503799e-02 1.222114266576118874e-03 3.679844573675503799e-02
-2.517263837343815258e-02 3.552192887628483065e-02 5.209164720321503468e-03 3.552192887628483065e-02
-2.517263837343815258e-02 3.552192887628483065e-02 5.209164720321503468e-03 3.552192887628483065e-02
-2.563554878479543109e-02 3.533071832830624731e-02 4.237564155101180251e-03 3.533071832830624731e-02
-2.910776249728032339e-02 3.862885561378479049e-02 -7.247980252532726722e-03 3.862885561378479049e-02
-2.910776249728032339e-02 3.862885561378479049e-02 -7.247980252532726722e-03 3.862885561378479049e-02
-2.563554878479543109e-02 3.533071832830624731e-02 4.237564155101180251e-03 3.533071832830624731e-02
-2.563554878479543109e-02 3.533071832830624731e-02 4.237564155101180251e-03 3.533071832830624731e-02
-2.474997255212028555e-02 3.478030628476558306e-02 4.999761270648525428e-03 3.478030628476558306e-02
-2.940969672302710600e-02 2.779557530850392325e-02 -3.965919798383613602e-03 2.779557530850392325e-02
-2.940969672302710600e-02 2.779557530850392325e-02 -3.965919798383613602e-03 2.779557530850392325e-02
-2.940969672302710600e-02 2.779557530850392325e-02 -3.965919798383613602e-03 2.779557530850392325e-02
-2.053426029970827765e-02 3.338333907221488484e-02 8.186714530881709570e-03 3.338333907221488484e-02
-2.053426029970827765e-02 3.338333907221488484e-02 8.186714530881709570e-03 3.338333907221488484e-02
-2.100196533074854752e-02 2.823354820116966493e-02 7.780473032794621609e-03 2.823354820116966493e-02
-2.415171990438680361e-02 3.660680418270089581e-02 -5.272160056536605820e-03 3.660680418270089581e-02
-2.415171990438680361e-02 3.660680418270089581e-02 -5.272160056536605820e-03 3.660680418270089581e-02
-2.940969672302710600e-02 2.779557530850392325e-02 -3.965919798383613602e-03 2.779557530850392325e-02
-2.053426029970827765e-02 3.338333907221488484e-02 8.186714530881709570e-03 3.338333907221488484e-02
-2.053426029970827765e-02 3.338333907221488484e-02 8.186714530881709570e-03 3.338333907221488484e-02
-2.940969672302710600e-02 2.779557530850392325e-02 -3.965919798383613602e-03 2.779557530850392325e-02
-2.940969672302710600e-02 2.779557530850392325e-02 -3.965919798383613602e-03 2.779557530850392325e-02
-2.940969672302710600e-02 2.779557530850392325e-02 -3.965919798383613602e-03 2.779557530850392325e-02
-2.781551088181506357e-02 4.367814658781221659e-02 3.809522335795739820e-03 4.367814658781221659e-02
-2.781551088181506357e-02 4.367814658781221659e-02 3.809522335795739820e-03 4.367814658781221659e-02
-2.968781299232697499e-02 2.893270628120134594e-02 -3.962937169927223044e-03 2.893270628120134594e-02
-2.968781299232697499e-02 2.893270628120134594e-02 -3.962937169927223044e-03 2.893270628120134594e-02
-2.968781299232697499e-02 2.893270628120134594e-02 -3.962937169927223044e-03 2.893270628120134594e-02
-2.968781299232697499e-02 2.893270628120134594e-02 -3.962937169927223044e-03 2.893270628120134594e-02
-2.968781299232697499e-02 2.893270628120134594e-02 -3.962937169927223044e-03 2.893270628120134594e-02
-2.968781299232697499e-02 2.893270628120134594e-02 -3.962937169927223044e-03 2.893270628120134594e-02
-2.968781299232697499e-02 2.893270628120134594e-02 -3.962937169927223044e-03 2.893270628120134594e-02
-2.968781299232697499e-02 2.893270628120134594e-02 -3.962937169927223044e-03 2.893270628120134594e-02
-2.968781299232697499e-02 2.893270628120134594e-02 -3.962937169927223044e-03 2.893270628120134594e-02
-2.968781299232697499e-02 2.893270628120134594e-02 -3.962937169927223044e-03 2.893270628120134594e-02
-2.968781299232697499e-02 2.893270628120134594e-02 -3.962937169927223044e-03 2.893270628120134594e-02
-2.071997173560818223e-02 3.444365798641137177e-02 8.266801843379259496e-03 3.444365798641137177e-02
-2.071997173560818223e-02 3.444365798641137177e-02 8.266801843379259496e-03 3.444365798641137177e-02
-2.071997173560818223e-02 3.444365798641137177e-02 8.266801843379259496e-03 3.444365798641137177e-02
-2.940969672302710600e-02 2.779557530850392325e-02 -3.965919798383613602e-03 2.779557530850392325e-02
-3.538273612583749117e-02 3.976299246099688350e-02 -5.253314727298652974e-03 3.976299246099688350e-02
-2.940969672302710600e-02 2.779557530850392325e-02 -3.965919798383613602e-03 2.779557530850392325e-02
-2.940969672302710600e-02 2.779557530850392325e-02 -3.965919798383613602e-03 2.779557530850392325e-02
-2.940969672302710600e-02 2.779557530850392325e-02 -3.965919798383613602e-03 2.779557530850392325e-02
-2.129362711506426614e-02 2.960175453846284124e-02 7.704067572429318562e-03 2.960175453846284124e-02
-3.538273612583749117e-02 3.976299246099688350e-02 -5.253314727298652974e-03 3.976299246099688350e-02
-3.538273612583749117e-02 3.976299246099688350e-02 -5.253314727298652974e-03 3.976299246099688350e-02
-2.968781299232697499e-02 2.893270628120134594e-02 -3.962937169927223044e-03 2.893270628120134594e-02
-2.968781299232697499e-02 2.893270628120134594e-02 -3.962937169927223044e-03 2.893270628120134594e-02
-2.968781299232697499e-02 2.893270628120134594e-02 -3.962937169927223044e-03 2.893270628120134594e-02
-3.542889520716381579e-02 4.137882078644791045e-02 -4.489712442765757087e-03 4.137882078644791045e-02
-2.968781299232697499e-02 2.893270628120134594e-02 -3.962937169927223044e-03 2.893270628120134594e-02
-2.968781299232697499e-02 2.893270628120134594e-02 -3.962937169927223044e-03 2.893270628120134594e-02
-2.968781299232697499e-02 2.893270628120134594e-02 -3.962937169927223044e-03 2.893270628120134594e-02
-2.589820614940374632e-02 3.735812402937212923e-02 4.563717224186859302e-03 3.735812402937212923e-02
-2.589820614940374632e-02 3.735812402937212923e-02 4.563717224186859302e-03 3.735812402937212923e-02
-2.589820614940374632e-02 3.735812402937212923e-02 4.563717224186859302e-03 3.735812402937212923e-02
-2.589820614940374632e-02 3.735812402937212923e-02 4.563717224186859302e-03 3.735812402937212923e-02
-2.968781299232697499e-02 2.893270628120134594e-02 -3.962937169927223044e-03 2.893270628120134594e-02
-2.968781299232697499e-02 2.893270628120134594e-02 -3.962937169927223044e-03 2.893270628120134594e-02
-2.968781299232697499e-02 2.893270628120134594e-02 -3.962937169927223044e-03 2.893270628120134594e-02
-2.576861986237958396e-02 3.634513428821392611e-02 4.397206265828626330e-03 3.634513428821392611e-02
-2.646095262601606823e-02 3.347073084498930484e-02 7.798041298841605455e-03 3.347073084498930484e-02
-2.646095262601606823e-02 3.347073084498930484e-02 7.798041298841605455e-03 3.347073084498930484e-02
-2.768978048048536394e-02 3.753447566034390920e-02 4.522187510474002907e-03 3.753447566034390920e-02
-2.768978048048536394e-02 3.753447566034390920e-02 4.522187510474002907e-03 3.753447566034390920e-02
-2.768978048048536394e-02 3.753447566034390920e-02 4.522187510474002907e-03 3.753447566034390920e-02
-2.917898596429142552e-02 3.992204953318119476e-02 -7.291819319087200837e-03 3.992204953318119476e-02
-2.917898596429142552e-02 3.992204953318119476e-02 -7.291819319087200837e-03 3.992204953318119476e-02
-2.576861986237958396e-02 3.634513428821392611e-02 4.397206265828626330e-03 3.634513428821392611e-02
-2.576861986237958396e-02 3.634513428821392611e-02 4.397206265828626330e-03 3.634513428821392611e-02
-2.071997173560818223e-02 3.444365798641137177e-02 8.266801843379259496e-03 3.444365798641137177e-02
-2.968781299232697499e-02 2.893270628120134594e-02 -3.962937169927223044e-03 2.893270628120134594e-02
-2.968781299232697499e-02 2.893270628120134594e-02 -3.962937169927223044e-03 2.893270628120134594e-02
-2.968781299232697499e-02 2.893270628120134594e-02 -3.962937169927223044e-03 2.893270628120134594e-02
-2.968781299232697499e-02 2.893270628120134594e-02 -3.962937169927223044e-03 2.893270628120134594e-02
-2.968781299232697499e-02 2.893270628120134594e-02 -3.962937169927223044e-03 2.893270628120134594e-02
-2.968781299232697499e-02 2.893270628120134594e-02 -3.962937169927223044e-03 2.893270628120134594e-02
-2.071997173560818223e-02 3.444365798641137177e-02 8.266801843379259496e-03 3.444365798641137177e-02
-2.968781299232697499e-02 2.893270628120134594e-02 -3.962937169927223044e-03 2.893270628120134594e-02
-2.968781299232697499e-02 2.893270628120134594e-02 -3.962937169927223044e-03 2.893270628120134594e-02
-2.129362711506426614e-02 2.960175453846284124e-02 7.704067572429318562e-03 2.960175453846284124e-02
-2.768978048048536394e-02 3.753447566034390920e-02 4.522187510474002907e-03 3.753447566034390920e-02
-2.129362711506426614e-02 2.960175453846284124e-02 7.704067572429318562e-03 2.960175453846284124e-02
-2.129362711506426614e-02 2.960175453846284124e-02 7.704067572429318562e-03 2.960175453846284124e-02
-2.129362711506426614e-02 2.960175453846284124e-02 7.704067572429318562e-03 2.960175453846284124e-02
-2.968781299232697499e-02 2.893270628120134594e-02 -3.962937169927223044e-03 2.893270628120134594e-02
-2.968781299232697499e-02 2.893270628120134594e-02 -3.962937169927223044e-03 2.893270628120134594e-02
-2.817863241063962160e-02 3.796999549595173051e-02 1.208465097676034074e-03 3.796999549595173051e-02
-2.940969672302710600e-02 2.779557530850392325e-02 -3.965919798383613602e-03 2.779557530850392325e-02
-2.576861986237958396e-02 3.634513428821392611e-02 4.397206265828626330e-03 3.634513428821392611e-02
-2.940969672302710600e-02 2.779557530850392325e-02 -3.965919798383613602e-03 2.779557530850392325e-02
-2.940969672302710600e-02 2.779557530850392325e-02 -3.965919798383613602e-03 2.779557530850392325e-02
-2.940969672302710600e-02 2.779557530850392325e-02 -3.965919798383613602e-03 2.779557530850392325e-02
-2.940969672302710600e-02 2.779557530850392325e-02 -3.965919798383613602e-03 2.779557530850392325e-02
-2.940969672302710600e-02 2.779557530850392325e-02 -3.965919798383613602e-03 2.779557530850392325e-02
-2.940969672302710600e-02 2.779557530850392325e-02 -3.965919798383613602e-03 2.779557530850392325e-02
-2.100196533074854752e-02 2.823354820116966493e-02 7.780473032794621609e-03 2.823354820116966493e-02
-2.913235859333312971e-02 2.664755495646537950e-02 -3.963992634605438027e-03 2.664755495646537950e-02
-2.913235859333312971e-02 2.664755495646537950e-02 -3.963992634605438027e-03 2.664755495646537950e-02
-2.913235859333312971e-02 2.664755495646537950e-02 -3.963992634605438027e-03 2.664755495646537950e-02
-2.913235859333312971e-02 2.664755495646537950e-02 -3.963992634605438027e-03 2.664755495646537950e-02
-2.913235859333312971e-02 2.664755495646537950e-02 -3.963992634605438027e-03 2.664755495646537950e-02
-2.563554878479543109e-02 3.533071832830624731e-02 4.237564155101180251e-03 3.533071832830624731e-02
-2.563554878479543109e-02 3.533071832830624731e-02 4.237564155101180251e-03 3.533071832830624731e-02
-2.563554878479543109e-02 3.533071832830624731e-02 4.237564155101180251e-03 3.533071832830624731e-02
-2.563554878479543109e-02 3.533071832830624731e-02 4.237564155101180251e-03 3.533071832830624731e-02
-2.630540064348734983e-02 3.059128417674879252e-02 6.881256176958901183e-03 3.059128417674879252e-02
-2.811464496124702409e-02 2.701074551202335347e-02 -3.936643326171974065e-03 2.701074551202335347e-02
-2.457342505183839759e-02 3.559164373536708587e-02 4.245837869538559781e-03 3.559164373536708587e-02
-2.811464496124702409e-02 2.701074551202335347e-02 -3.936643326171974065e-03 2.701074551202335347e-02
-2.088403624615091034e-02 4.161458682413623350e-02 -1.412322725370228653e-03 4.161458682413623350e-02
-2.088403624615091034e-02 4.161458682413623350e-02 -1.412322725370228653e-03 4.161458682413623350e-02
-1.532215380761034994e-02 4.737987859222788506e-02 -3.480875501347374234e-03 4.737987859222788506e-02
-2.051257967543245950e-02 4.409036897724403353e-02 1.051349811075529689e-02 4.409036897724403353e-02
-2.051257967543245950e-02 4.409036897724403353e-02 1.051349811075529689e-02 4.409036897724403353e-02
-1.532215380761034994e-02 4.737987859222788506e-02 -3.480875501347374234e-03 4.737987859222788506e-02
-2.811464496124702409e-02 2.701074551202335347e-02 -3.936643326171974065e-03 2.701074551202335347e-02
-1.532215380761034994e-02 4.737987859222788506e-02 -3.480875501347374234e-03 4.737987859222788506e-02
-1.532215380761034994e-02 4.737987859222788506e-02 -3.480875501347374234e-03 4.737987859222788506e-02
-3.317516012477420007e-02 4.580137487998634654e-02 8.618333089689844684e-03 4.580137487998634654e-02
-7.715918800557518276e-02 -3.149538678048691837e-02 -4.781420341893062587e-02 -3.149538678048691837e-02
8.711926933135938356e-03 -4.337056618352980175e-02 -1.163885145787129337e-02 -4.337056618352980175e-02
8.609557559546147584e-03 -4.280829746715086176e-02 -1.172024870359510834e-02 -4.280829746715086176e-02
-1.961432393681831685e-02 3.472310436050302790e-02 8.286976554573338358e-03 3.472310436050302790e-02
-2.381141378930928809e-02 3.702580784831686206e-02 5.473142848346228620e-03 3.702580784831686206e-02
-2.381141378930928809e-02 3.702580784831686206e-02 5.473142848346228620e-03 3.702580784831686206e-02
-3.382316881211962917e-02 4.139753436459515240e-02 -3.905120756761284919e-03 4.139753436459515240e-02
-2.090190589165096327e-02 3.550126279234484122e-02 8.353556077539956923e-03 3.550126279234484122e-02
-2.090190589165096327e-02 3.550126279234484122e-02 8.353556077539956923e-03 3.550126279234484122e-02
-2.501640955181038892e-02 3.887669714476480604e-02 3.669887335492154172e-03 3.887669714476480604e-02
-2.913335410560571534e-02 3.511385756444090206e-02 -1.544446273823605470e-02 3.511385756444090206e-02
-2.913335410560571534e-02 3.511385756444090206e-02 -1.544446273823605470e-02 3.511385756444090206e-02
-2.101402712343315368e-02 3.859787185926081415e-02 -3.875004729802549158e-03 3.859787185926081415e-02
-2.542845817656098906e-02 4.032095815995716953e-02 -5.625188535154789123e-03 4.032095815995716953e-02
-2.542845817656098906e-02 4.032095815995716953e-02 -5.625188535154789123e-03 4.032095815995716953e-02
-2.238482403545390131e-02 6.422215147577642336e-02 -1.241934492399176561e-02 6.422215147577642336e-02
-2.238482403545390131e-02 6.422215147577642336e-02 -1.241934492399176561e-02 6.422215147577642336e-02
1.088411186152689752e-01 5.955828596322219198e-02 3.771835937002988165e-02 5.955828596322219198e-02
-2.001451999397771062e-02 1.030692104795712938e-01 -1.511575906460434042e-02 1.030692104795712938e-01
-2.001451999397771062e-02 1.030692104795712938e-01 -1.511575906460434042e-02 1.030692104795712938e-01
-1.731155943942201811e-03 7.575017196020016053e-02 -1.161077717943254442e-02 7.575017196020016053e-02
-1.338302158490927915e-02 1.330664723647729530e-01 -7.656082421901424205e-03 1.330664723647729530e-01
-1.338302158490927915e-02 1.330664723647729530e-01 -7.656082421901424205e-03 1.330664723647729530e-01
-1.212853528178747288e-02 1.417869106283531633e-01 -6.922792078943028641e-04 1.417869106283531633e-01
-1.212853528178747288e-02 1.417869106283531633e-01 -6.922792078943028641e-04 1.417869106283531633e-01
-1.340227986159506050e-02 1.463798578608825618e-01 -4.795355614089207713e-03 1.463798578608825618e-01
-1.256639067338631739e-02 1.501237445502543177e-01 2.754355657864690889e-04 1.501237445502543177e-01
9.532941316474320692e-02 1.656700401405401535e-01 3.675236349649154549e-02 1.656700401405401535e-01
9.537887504410089146e-02 1.661561375408127650e-01 3.594423800685220272e-02 1.661561375408127650e-01
-1.262659604522948717e-02 1.554718948004473744e-01 2.135155163816986144e-03 1.554718948004473744e-01
-1.262659604522948717e-02 1.554718948004473744e-01 2.135155163816986144e-03 1.554718948004473744e-01
-1.264386600731960512e-02 1.586798553349549612e-01 3.324925719601254295e-03 1.586798553349549612e-01
-1.177295296558843359e-02 1.618428459449000323e-01 3.319319531684600689e-03 1.618428459449000323e-01
-1.177295296558843359e-02 1.618428459449000323e-01 3.319319531684600689e-03 1.618428459449000323e-01
-2.179986379374175554e-02 1.754025658094925944e-01 -1.710543132058041024e-02 1.754025658094925944e-01
-1.983291332149859920e-02 1.840361080037702657e-01 -1.612842792174730422e-02 1.840361080037702657e-01
-6.774496423058312851e-03 1.902241490879877650e-01 3.045800157129588404e-03 1.902241490879877650e-01
-1.969707090353844947e-02 1.846024524953512047e-01 3.468861169070259153e-04 1.846024524953512047e-01
-3.289870151275998099e-03 2.126355230051354961e-01 8.133537117350042589e-03 2.126355230051354961e-01
-2.301035929330036856e-03 2.192507913881929227e-01 1.717547945457099240e-02 2.192507913881929227e-01
-1.215544951477141727e-01 2.031120800082705513e-01 -3.626498233841028707e-02 2.031120800082705513e-01
3.296422249107320082e-03 2.398268948369221276e-01 2.929537222224991733e-03 2.398268948369221276e-01
1.645491363117856974e-03 2.492543449614049167e-01 -1.359131404331370653e-03 2.492543449614049167e-01
2.588786984266864665e-03 2.614853884703070563e-01 -1.162789403180564812e-02 2.614853884703070563e-01
1.329198796938740228e-03 2.487059999700694246e-01 1.633418638007688023e-02 2.487059999700694246e-01
2.273977798082293771e-03 2.529893961237417166e-01 7.419560348585019748e-03 2.529893961237417166e-01
3.797795753322447902e-03 2.468269620207521609e-01 1.329756436272811447e-02 2.468269620207521609e-01
7.517074220934782947e-03 2.569294742578588364e-01 -2.654272397233886464e-03 2.569294742578588364e-01
5.395676397675369489e-03 2.527229441990426206e-01 6.932978421502752203e-03 2.527229441990426206e-01
-1.922594228103794659e-03 2.501068361553930863e-01 8.661796534504479991e-03 2.501068361553930863e-01
4.481845783271735592e-03 2.573363623976333558e-01 1.525941677033555190e-02 2.573363623976333558e-01
3.042115320590692198e-03 2.623900121317110923e-01 -1.372636980356533361e-03 2.623900121317110923e-01
3.042115320590692198e-03 2.623900121317110923e-01 -1.372636980356533361e-03 2.623900121317110923e-01
3.042115320590692198e-03 2.623900121317110923e-01 -1.372636980356533361e-03 2.623900121317110923e-01
-2.570508288341816563e-03 2.460264118366149722e-01 1.643368001146447779e-02 2.460264118366149722e-01
-2.570508288341816563e-03 2.460264118366149722e-01 1.643368001146447779e-02 2.460264118366149722e-01
3.489250421212859461e-03 2.648788605767830595e-01 -1.413468486258376462e-02 2.648788605767830595e-01
-2.570508288341816563e-03 2.460264118366149722e-01 1.643368001146447779e-02 2.460264118366149722e-01
1.716072635947454289e-05 2.452668870844845472e-01 1.464224377730043852e-02 2.452668870844845472e-01
1.716072635947454289e-05 2.452668870844845472e-01 1.464224377730043852e-02 2.452668870844845472e-01
3.013240551176829887e-02 2.624993576561873154e-01 2.126862342151596835e-02 2.624993576561873154e-01
3.013240551176829887e-02 2.624993576561873154e-01 2.126862342151596835e-02 2.624993576561873154e-01
2.554902715202506981e-03 2.476850634291159758e-01 1.002489738638177690e-02 2.476850634291159758e-01
2.554902715202506981e-03 2.476850634291159758e-01 1.002489738638177690e-02 2.476850634291159758e-01
8.039293644377434314e-05 2.443728208696763771e-01 1.439667784233323970e-02 2.443728208696763771e-01
3.148867069686878128e-02 2.601392375327226669e-01 1.846076415070895677e-02 2.601392375327226669e-01
3.148867069686878128e-02 2.601392375327226669e-01 1.846076415070895677e-02 2.601392375327226669e-01
8.039293644377434314e-05 2.443728208696763771e-01 1.439667784233323970e-02 2.443728208696763771e-01
8.039293644377434314e-05 2.443728208696763771e-01 1.439667784233323970e-02 2.443728208696763771e-01
8.039293644377434314e-05 2.443728208696763771e-01 1.439667784233323970e-02 2.443728208696763771e-01
3.148867069686878128e-02 2.601392375327226669e-01 1.846076415070895677e-02 2.601392375327226669e-01
3.148867069686878128e-02 2.601392375327226669e-01 1.846076415070895677e-02 2.601392375327226669e-01
4.760713460828908637e-03 2.534433475122096491e-01 -1.266516005538923786e-03 2.534433475122096491e-01
3.151718377825243715e-03 2.508747834777399488e-01 8.793490059245356177e-03 2.508747834777399488e-01
3.013185616564219640e-03 2.507729102969403212e-01 8.023166566643456094e-03 2.507729102969403212e-01
3.013185616564219640e-03 2.507729102969403212e-01 8.023166566643456094e-03 2.507729102969403212e-01
-2.772733307913648020e-03 2.580437179602466657e-01 -5.980885055871334489e-03 2.580437179602466657e-01
-2.772733307913648020e-03 2.580437179602466657e-01 -5.980885055871334489e-03 2.580437179602466657e-01
1.933357225500438549e-03 2.450159418659220711e-01 1.151303587690440632e-02 2.450159418659220711e-01
1.933357225500438549e-03 2.450159418659220711e-01 1.151303587690440632e-02 2.450159418659220711e-01
1.933357225500438549e-03 2.450159418659220711e-01 1.151303587690440632e-02 2.450159418659220711e-01
1.267768697953601227e-03 2.639326999981924105e-01 -1.173346110547395828e-02 2.639326999981924105e-01
1.933357225500438549e-03 2.450159418659220711e-01 1.151303587690440632e-02 2.450159418659220711e-01
3.093580076828104063e-03 2.599317304997169065e-01 -1.484972917230406413e-03 2.599317304997169065e-01
3.093580076828104063e-03 2.599317304997169065e-01 -1.484972917230406413e-03 2.599317304997169065e-01
1.267768697953601227e-03 2.639326999981924105e-01 -1.173346110547395828e-02 2.639326999981924105e-01
4.519884806046182112e-03 2.561299231141253574e-01 1.516507529536996642e-02 2.561299231141253574e-01
4.519884806046182112e-03 2.561299231141253574e-01 1.516507529536996642e-02 2.561299231141253574e-01
4.519884806046182112e-03 2.561299231141253574e-01 1.516507529536996642e-02 2.561299231141253574e-01
4.519884806046182112e-03 2.561299231141253574e-01 1.516507529536996642e-02 2.561299231141253574e-01
3.067789054072578032e-03 2.611605487399488723e-01 -1.427872686717245303e-03 2.611605487399488723e-01
3.067789054072578032e-03 2.611605487399488723e-01 -1.427872686717245303e-03 2.611605487399488723e-01
4.519884806046182112e-03 2.561299231141253574e-01 1.516507529536996642e-02 2.561299231141253574e-01
4.519884806046182112e-03 2.561299231141253574e-01 1.516507529536996642e-02 2.561299231141253574e-01
4.210266111420462101e-03 2.519416328798332882e-01 8.769722747073160907e-03 2.519416328798332882e-01
4.210266111420462101e-03 2.519416328798332882e-01 8.769722747073160907e-03 2.519416328798332882e-01
4.328694235246209783e-03 2.519841157519053798e-01 9.616248792342293322e-03 2.519841157519053798e-01
5.896281504723765131e-03 2.546463280166667009e-01 -4.740131862802939413e-04 2.546463280166667009e-01
4.210266111420462101e-03 2.519416328798332882e-01 8.769722747073160907e-03 2.519416328798332882e-01
4.210266111420462101e-03 2.519416328798332882e-01 8.769722747073160907e-03 2.519416328798332882e-01
4.210266111420462101e-03 2.519416328798332882e-01 8.769722747073160907e-03 2.519416328798332882e-01
4.210266111420462101e-03 2.519416328798332882e-01 8.769722747073160907e-03 2.519416328798332882e-01
4.210266111420462101e-03 2.519416328798332882e-01 8.769722747073160907e-03 2.519416328798332882e-01
2.870193514871720829e-03 2.459216066386870347e-01 1.240894598372169547e-02 2.459216066386870347e-01
2.267077612071026396e-03 2.481121567204800649e-01 6.264645295753825185e-03 2.481121567204800649e-01
2.870193514871720829e-03 2.459216066386870347e-01 1.240894598372169547e-02 2.459216066386870347e-01
2.870193514871720829e-03 2.459216066386870347e-01 1.240894598372169547e-02 2.459216066386870347e-01
2.870193514871720829e-03 2.459216066386870347e-01 1.240894598372169547e-02 2.459216066386870347e-01
2.870193514871720829e-03 2.459216066386870347e-01 1.240894598372169547e-02 2.459216066386870347e-01
5.896281504723765131e-03 2.546463280166667009e-01 -4.740131862802939413e-04 2.546463280166667009e-01
5.896281504723765131e-03 2.546463280166667009e-01 -4.740131862802939413e-04 2.546463280166667009e-01
9.623083029599962396e-03 2.567906250154359804e-01 -1.000236192740321974e-02 2.567906250154359804e-01
5.896281504723765131e-03 2.546463280166667009e-01 -4.740131862802939413e-04 2.546463280166667009e-01
5.896281504723765131e-03 2.546463280166667009e-01 -4.740131862802939413e-04 2.546463280166667009e-01
9.623083029599962396e-03 2.567906250154359804e-01 -1.000236192740321974e-02 2.567906250154359804e-01
3.020732878884629935e-02 2.550825412941324366e-01 1.085456629568507620e-03 2.550825412941324366e-01
5.535207701944167002e-02 2.656113191963276887e-01 2.712014199007371090e-02 2.656113191963276887e-01
5.535207701944167002e-02 2.656113191963276887e-01 2.712014199007371090e-02 2.656113191963276887e-01
9.623083029599962396e-03 2.567906250154359804e-01 -1.000236192740321974e-02 2.567906250154359804e-01
2.870193514871720829e-03 2.459216066386870347e-01 1.240894598372169547e-02 2.459216066386870347e-01
2.870193514871720829e-03 2.459216066386870347e-01 1.240894598372169547e-02 2.459216066386870347e-01
7.109631257454943065e-02 2.592557721541766114e-01 2.282875471793991903e-02 2.592557721541766114e-01
5.635478463087801801e-03 2.572157706454000214e-01 1.566409927675448469e-02 2.572157706454000214e-01
2.870193514871720829e-03 2.459216066386870347e-01 1.240894598372169547e-02 2.459216066386870347e-01
2.870193514871720829e-03 2.459216066386870347e-01 1.240894598372169547e-02 2.459216066386870347e-01
5.671481076370075980e-03 2.560107623566239554e-01 1.557296127542055417e-02 2.560107623566239554e-01
-1.502977613124797203e-03 2.581301134840364164e-01 -5.681056833937606770e-03 2.581301134840364164e-01
4.334462225814837179e-03 2.599406716722815203e-01 -1.388243457653591615e-03 2.599406716722815203e-01
2.892491436597861669e-03 2.450214994919207023e-01 1.214210743564525866e-02 2.450214994919207023e-01
4.334462225814837179e-03 2.599406716722815203e-01 -1.388243457653591615e-03 2.599406716722815203e-01
2.892491436597861669e-03 2.450214994919207023e-01 1.214210743564525866e-02 2.450214994919207023e-01
2.568757847499814756e-03 2.627172346464213826e-01 -1.159261102800592316e-02 2.627172346464213826e-01
2.568757847499814756e-03 2.627172346464213826e-01 -1.159261102800592316e-02 2.627172346464213826e-01
5.709936874251051418e-03 2.548062313481133656e-01 1.547651781653999054e-02 2.548062313481133656e-01
2.568757847499814756e-03 2.627172346464213826e-01 -1.159261102800592316e-02 2.627172346464213826e-01
2.568757847499814756e-03 2.627172346464213826e-01 -1.159261102800592316e-02 2.627172346464213826e-01
2.892491436597861669e-03 2.450214994919207023e-01 1.214210743564525866e-02 2.450214994919207023e-01
2.892491436597861669e-03 2.450214994919207023e-01 1.214210743564525866e-02 2.450214994919207023e-01
2.892491436597861669e-03 2.450214994919207023e-01 1.214210743564525866e-02 2.450214994919207023e-01
-1.502977613124797203e-03 2.581301134840364164e-01 -5.681056833937606770e-03 2.581301134840364164e-01
2.892491436597861669e-03 2.450214994919207023e-01 1.214210743564525866e-02 2.450214994919207023e-01
5.671481076370075980e-03 2.560107623566239554e-01 1.557296127542055417e-02 2.560107623566239554e-01
-1.502977613124797203e-03 2.581301134840364164e-01 -5.681056833937606770e-03 2.581301134840364164e-01
2.892491436597861669e-03 2.450214994919207023e-01 1.214210743564525866e-02 2.450214994919207023e-01
2.869302288710209176e-02 2.536299899871988228e-01 -6.513755335448998202e-04 2.536299899871988228e-01
2.106504578753728898e-03 2.443401921495737539e-01 1.588263962604069546e-02 2.443401921495737539e-01
2.106504578753728898e-03 2.443401921495737539e-01 1.588263962604069546e-02 2.443401921495737539e-01
5.313057020422639644e-03 2.495515238919888135e-01 9.851335563174506288e-03 2.495515238919888135e-01
5.385085767909356287e-03 2.487904924505830451e-01 1.461047589298760524e-02 2.487904924505830451e-01
5.514157709572219818e-02 2.659038625094441999e-01 2.775766318875954111e-02 2.659038625094441999e-01
3.129276789084003280e-03 2.443255320286948640e-01 1.660330506294219882e-02 2.443255320286948640e-01
3.860645386946818126e-03 2.450306456735788507e-01 1.276614364232092104e-02 2.450306456735788507e-01
3.426862774892932943e-03 2.596222154661654291e-01 -6.094794347762333636e-04 2.596222154661654291e-01
5.615065072610414890e-03 2.466651843465680338e-01 1.234985588024510063e-02 2.466651843465680338e-01
5.615065072610414890e-03 2.466651843465680338e-01 1.234985588024510063e-02 2.466651843465680338e-01
1.053767388072205692e-02 2.578560456691213476e-01 -1.468511503463921022e-02 2.578560456691213476e-01
6.439791898925999007e-03 2.507327998711068595e-01 9.908688836064922720e-03 2.507327998711068595e-01
6.439791898925999007e-03 2.507327998711068595e-01 9.908688836064922720e-03 2.507327998711068595e-01
1.155875688959531050e-02 2.557948461553795072e-01 -9.566306795966084825e-03 2.557948461553795072e-01
8.040571926504128455e-03 2.534944612736100278e-01 7.326763501525633332e-04 2.534944612736100278e-01
1.155875688959531050e-02 2.557948461553795072e-01 -9.566306795966084825e-03 2.557948461553795072e-01
1.155875688959531050e-02 2.557948461553795072e-01 -9.566306795966084825e-03 2.557948461553795072e-01
1.155875688959531050e-02 2.557948461553795072e-01 -9.566306795966084825e-03 2.557948461553795072e-01
5.330557234538275610e-03 2.465342345926036238e-01 1.409023464392283528e-02 2.465342345926036238e-01
4.866503506614601286e-03 2.441260290923023268e-01 1.312135398735326218e-02 2.441260290923023268e-01
4.866503506614601286e-03 2.441260290923023268e-01 1.312135398735326218e-02 2.441260290923023268e-01
4.866503506614601286e-03 2.441260290923023268e-01 1.312135398735326218e-02 2.441260290923023268e-01
4.866503506614601286e-03 2.441260290923023268e-01 1.312135398735326218e-02 2.441260290923023268e-01
4.866503506614601286e-03 2.441260290923023268e-01 1.312135398735326218e-02 2.441260290923023268e-01
5.954037176484772154e-02 2.568911225938048659e-01 1.866926434947605018e-02 2.568911225938048659e-01
2.209173293634046284e-02 2.608737192222409518e-01 1.989346619231991548e-02 2.608737192222409518e-01
4.611259862977862278e-03 2.559717863147311645e-01 1.038495866188306584e-03 2.559717863147311645e-01
3.726066827888631881e-03 2.542133004896730553e-01 -3.280036103801154800e-03 2.542133004896730553e-01
3.726066827888631881e-03 2.542133004896730553e-01 -3.280036103801154800e-03 2.542133004896730553e-01
-1.049229830967069593e-02 2.329514767156241062e-01 1.825872155012466316e-02 2.329514767156241062e-01
-2.445017785849137523e-02 2.335980553254348724e-01 2.298782662916014352e-02 2.335980553254348724e-01
-2.445017785849137523e-02 2.335980553254348724e-01 2.298782662916014352e-02 2.335980553254348724e-01
-5.175056858854871350e-02 2.457141262583858454e-01 -1.711879372936616836e-02 2.457141262583858454e-01
-5.324641282729857678e-02 1.934624713071009527e-01 1.178716982645715457e-02 1.934624713071009527e-01
-1.236207410311205984e-01 2.481988020354493896e-01 -4.506650567764849263e-02 2.481988020354493896e-01
-1.366425626093310808e-01 2.248880856536353556e-01 2.229907137730402500e-02 2.248880856536353556e-01
-1.366425626093310808e-01 2.248880856536353556e-01 2.229907137730402500e-02 2.248880856536353556e-01
-1.441814667528039662e-01 2.336374310541585730e-01 -5.226670938284356388e-02 2.336374310541585730e-01
-1.870840365078280387e-01 1.621034231191091912e-01 1.129952447812311751e-02 1.621034231191091912e-01
-1.870840365078280387e-01 1.621034231191091912e-01 1.129952447812311751e-02 1.621034231191091912e-01
-2.338127498341905641e-01 1.272049325084586568e-01 1.807861716036983715e-02 1.272049325084586568e-01
-2.221991633673491562e-01 2.641015993252324862e-02 8.637672123800730836e-03 2.641015993252324862e-02
-2.221991633673491562e-01 2.641015993252324862e-02 8.637672123800730836e-03 2.641015993252324862e-02
-1.755298252765621903e-01 1.021380218959846292e-01 -4.068352432696765997e-02 1.021380218959846292e-01
-1.755298252765621903e-01 1.021380218959846292e-01 -4.068352432696765997e-02 1.021380218959846292e-01
-2.523879374781997642e-01 1.158488494351190071e-02 5.691844935875464521e-03 1.158488494351190071e-02
-3.001050129486685369e-01 6.199198260852519654e-03 -3.208514363625429230e-03 6.199198260852519654e-03
-3.064781202745592292e-01 -3.372571572429343412e-02 2.520765371360766949e-02 -3.372571572429343412e-02
-3.144965220269116402e-01 -1.130425154956059830e-01 6.629047857596376617e-03 -1.130425154956059830e-01
-3.052240551223829312e-01 -8.421098841625559994e-02 2.432543426231671344e-02 -8.421098841625559994e-02
-3.002940725838890712e-01 -2.031378580383917387e-01 4.907041662725755704e-02 -2.031378580383917387e-01
-2.880290707544791995e-01 -1.387092427680382267e-01 3.299560639987961924e-02 -1.387092427680382267e-01
-3.072546276754380412e-01 -1.283362429088601708e-01 2.628196842053513727e-02 -1.283362429088601708e-01
-3.072546276754380412e-01 -1.283362429088601708e-01 2.628196842053513727e-02 -1.283362429088601708e-01
-3.060790118662675141e-01 -1.812626744333470374e-01 4.556500096733316629e-02 -1.812626744333470374e-01
-3.265944115714952134e-01 -1.840269384634118932e-01 3.848304342077572826e-02 -1.840269384634118932e-01
-3.660732639706769653e-01 -1.994499555446191952e-01 4.329549353750531543e-02 -1.994499555446191952e-01
-3.661119553619319178e-01 -1.904952986070607979e-01 4.778931978995693691e-02 -1.904952986070607979e-01
-3.499589468534402559e-01 -2.287642227871044542e-01 4.453798722049786413e-02 -2.287642227871044542e-01
-3.416637592904026577e-01 -1.981762431495200927e-01 4.319411292442809636e-02 -1.981762431495200927e-01
-3.557190432200633690e-01 -2.061779824316847531e-01 5.788434549485940023e-02 -2.061779824316847531e-01
-3.557190432200633690e-01 -2.061779824316847531e-01 5.788434549485940023e-02 -2.061779824316847531e-01
-3.571065011680855106e-01 -1.879678355625310215e-01 3.752354860439998524e-02 -1.879678355625310215e-01
-3.924419741870870948e-01 -2.118619096477120101e-01 3.539139382175936904e-02 -2.118619096477120101e-01
-3.924419741870870948e-01 -2.118619096477120101e-01 3.539139382175936904e-02 -2.118619096477120101e-01
-3.968184730932979853e-01 -2.083260291352675153e-01 3.517919376353836197e-02 -2.083260291352675153e-01
5.677135323061435757e-02 -2.098890949221256519e-01 4.742554250793335618e-02 -2.098890949221256519e-01
-3.711263116277156437e-01 -2.264363847216954162e-01 5.266393700340413903e-02 -2.264363847216954162e-01
-3.828299326799860514e-01 -2.192543350434715821e-01 6.629426516792145951e-02 -2.192543350434715821e-01
-4.158166148034680432e-01 -1.900572035698873674e-01 4.193849952198724224e-02 -1.900572035698873674e-01
-3.988721093245462535e-01 -2.062709616184608408e-01 4.625223510762153933e-02 -2.062709616184608408e-01
-4.280217109852046398e-01 -1.669140152416855594e-01 4.530671043897518263e-02 -1.669140152416855594e-01
-4.280217109852046398e-01 -1.669140152416855594e-01 4.530671043897518263e-02 -1.669140152416855594e-01
-4.461925873303984602e-01 -1.507957772776219174e-01 4.373181310869229260e-02 -1.507957772776219174e-01
-4.460346518142769834e-01 -1.576246433228740695e-01 6.806247038055542042e-02 -1.576246433228740695e-01
-4.460346518142769834e-01 -1.576246433228740695e-01 6.806247038055542042e-02 -1.576246433228740695e-01
-4.754302560763982166e-01 -1.501017396380983915e-01 2.778773622237680485e-02 -1.501017396380983915e-01
-4.858333378746431674e-01 -1.486089941528591640e-01 5.356021184081540681e-02 -1.486089941528591640e-01
-5.029820874246813123e-01 -1.334186360891938816e-01 4.074140212295087465e-02 -1.334186360891938816e-01
-5.022944864499555573e-01 -1.134975347249737726e-01 3.193160662841124792e-02 -1.134975347249737726e-01
-5.022944864499555573e-01 -1.134975347249737726e-01 3.193160662841124792e-02 -1.134975347249737726e-01
-5.359402463468382338e-01 -9.106644437863066488e-02 2.842673085630320964e-03 -9.106644437863066488e-02
-5.397553762288918033e-01 -1.175639169688416918e-01 5.619548828131711721e-02 -1.175639169688416918e-01
-4.435136771340289497e-01 -1.431151663152486764e-01 3.698467481632964488e-02 -1.431151663152486764e-01
-5.267957889473512401e-01 -1.018962123904996464e-01 3.990375187316127364e-02 -1.018962123904996464e-01
-5.600443666925959407e-01 1.158560573220861548e-02 4.521314658106004823e-03 1.158560573220861548e-02
-5.294405293944314250e-01 -1.725752119566535594e-03 1.100092484127048950e-02 -1.725752119566535594e-03
-5.258754573557267165e-01 2.289584143968270702e-02 2.051857649053093636e-03 2.289584143968270702e-02
-4.664359335189477984e-01 8.114327491872385875e-03 -1.693320193495191335e-03 8.114327491872385875e-03
-4.553187446189778664e-01 9.234436000476568818e-03 -2.549924133013686291e-03 9.234436000476568818e-03
8.478247597307612959e-02 8.783474553027317833e-02 3.198860818335028805e-02 8.783474553027317833e-02
-5.095638112170246536e-01 5.480308523215933481e-02 2.648137512816543197e-03 5.480308523215933481e-02
-4.800082245880570864e-01 4.715349161431843517e-02 1.353079361865074624e-02 4.715349161431843517e-02
-5.585046482973392290e-02 1.200542411913579494e-01 -2.164196421630234374e-02 1.200542411913579494e-01
-4.633565440583328754e-01 9.348863077486596618e-02 1.505835465077216828e-03 9.348863077486596618e-02
-4.368737427357455294e-01 1.089151664303835837e-01 -3.008525172755270247e-02 1.089151664303835837e-01
-4.375292301959624597e-01 9.525335261408648946e-02 -1.038988810998999791e-02 9.525335261408648946e-02
-4.375292301959624597e-01 9.525335261408648946e-02 -1.038988810998999791e-02 9.525335261408648946e-02
8.468052457276928346e-02 9.929395499693022265e-02 1.678018377709233899e-02 9.929395499693022265e-02
-4.337806553245177055e-01 1.183446017660200605e-01 -1.649226976535477212e-03 1.183446017660200605e-01
-4.351625169232181123e-01 1.295823258481838824e-01 1.393645405280144467e-02 1.295823258481838824e-01
-3.745776760902713165e-01 9.111909159887203458e-02 1.031474247134396213e-02 9.111909159887203458e-02
-3.470744258527046489e-01 1.287797960367198513e-01 -4.592633050833593022e-02 1.287797960367198513e-01
-4.124451416880777210e-01 1.293316271654729455e-01 3.086074753284620727e-03 1.293316271654729455e-01
-4.124451416880777210e-01 1.293316271654729455e-01 3.086074753284620727e-03 1.293316271654729455e-01
-4.070615689544356819e-01 1.304323325760040342e-01 3.762509265561249459e-03 1.304323325760040342e-01
-4.122508114499698895e-01 1.400908889040874961e-01 -1.340575601513533874e-02 1.400908889040874961e-01
-4.122508114499698895e-01 1.400908889040874961e-01 -1.340575601513533874e-02 1.400908889040874961e-01
-3.438524034900112825e-01 1.401100068272999044e-01 -4.769699933372026357e-02 1.401100068272999044e-01
-3.438524034900112825e-01 1.401100068272999044e-01 -4.769699933372026357e-02 1.401100068272999044e-01
-3.283056062836233746e-01 1.413814796170362598e-01 -5.242368416233577494e-02 1.413814796170362598e-01
-3.799857807851635960e-01 1.173030118361916008e-01 9.274176786754153440e-03 1.173030118361916008e-01
-3.799857807851635960e-01 1.173030118361916008e-01 9.274176786754153440e-03 1.173030118361916008e-01
-7.600516379518491850e-02 1.438836683560271446e-01 -2.293881937599229551e-02 1.438836683560271446e-01
-3.820201728475481340e-01 1.239147216177322874e-01 5.401032626250265242e-03 1.239147216177322874e-01
-3.820201728475481340e-01 1.239147216177322874e-01 5.401032626250265242e-03 1.239147216177322874e-01
-7.622537832120573897e-02 1.469030424331336238e-01 -3.712332353104903782e-02 1.469030424331336238e-01
-3.804162032690521222e-01 1.289892193106126905e-01 5.210229902913607845e-03 1.289892193106126905e-01
-3.804162032690521222e-01 1.289892193106126905e-01 5.210229902913607845e-03 1.289892193106126905e-01
-3.421269252545973694e-01 1.279160853003062370e-01 4.894001926497350448e-03 1.279160853003062370e-01
-8.048528708026826683e-02 1.591083645796202428e-01 -3.658654810235881932e-02 1.591083645796202428e-01
-3.819787493061407857e-01 1.310583424047329637e-01 1.951327176799223101e-02 1.310583424047329637e-01
-3.802567063526665625e-01 1.405477848861813872e-01 1.932404490879149200e-02 1.405477848861813872e-01
-9.470229886285652654e-02 1.395950544261183035e-01 -1.408628541436820862e-02 1.395950544261183035e-01
-3.457826086261850396e-01 1.821264680931755642e-01 -5.503918578737293336e-03 1.821264680931755642e-01
-3.351341847152103370e-01 2.220638313443180356e-01 -4.762474395120120524e-02 2.220638313443180356e-01
-3.351341847152103370e-01 2.220638313443180356e-01 -4.762474395120120524e-02 2.220638313443180356e-01
-3.247057445794297448e-01 2.266894881345307977e-01 -4.248801642469622608e-02 2.266894881345307977e-01
-3.247057445794297448e-01 2.266894881345307977e-01 -4.248801642469622608e-02 2.266894881345307977e-01
-3.594536819583678544e-01 1.840034763216938096e-01 3.572994994090492038e-02 1.840034763216938096e-01
-3.594536819583678544e-01 1.840034763216938096e-01 3.572994994090492038e-02 1.840034763216938096e-01
-3.594536819583678544e-01 1.840034763216938096e-01 3.572994994090492038e-02 1.840034763216938096e-01
-3.594536819583678544e-01 1.840034763216938096e-01 3.572994994090492038e-02 1.840034763216938096e-01
-3.594536819583678544e-01 1.840034763216938096e-01 3.572994994090492038e-02 1.840034763216938096e-01
-3.520148585330101776e-01 2.421157090767753761e-01 -2.966813161043695742e-03 2.421157090767753761e-01
-3.520148585330101776e-01 2.421157090767753761e-01 -2.966813161043695742e-03 2.421157090767753761e-01
-3.520148585330101776e-01 2.421157090767753761e-01 -2.966813161043695742e-03 2.421157090767753761e-01
-3.520148585330101776e-01 2.421157090767753761e-01 -2.966813161043695742e-03 2.421157090767753761e-01
-3.520148585330101776e-01 2.421157090767753761e-01 -2.966813161043695742e-03 2.421157090767753761e-01
-3.520148585330101776e-01 2.421157090767753761e-01 -2.966813161043695742e-03 2.421157090767753761e-01
-3.520148585330101776e-01 2.421157090767753761e-01 -2.966813161043695742e-03 2.421157090767753761e-01
-3.981051929057341510e-01 2.761765962712006695e-01 -7.975928670178510094e-03 2.761765962712006695e-01
-3.981051929057341510e-01 2.761765962712006695e-01 -7.975928670178510094e-03 2.761765962712006695e-01
-3.981051929057341510e-01 2.761765962712006695e-01 -7.975928670178510094e-03 2.761765962712006695e-01
-3.981051929057341510e-01 2.761765962712006695e-01 -7.975928670178510094e-03 2.761765962712006695e-01
-3.981051929057341510e-01 2.761765962712006695e-01 -7.975928670178510094e-03 2.761765962712006695e-01
-3.981051929057341510e-01 2.761765962712006695e-01 -7.975928670178510094e-03 2.761765962712006695e-01
-5.195689169076387476e-02 3.001202425921233319e-01 -3.453760033802916185e-02 3.001202425921233319e-01
-5.195689169076387476e-02 3.001202425921233319e-01 -3.453760033802916185e-02 3.001202425921233319e-01
-5.195689169076387476e-02 3.001202425921233319e-01 -3.453760033802916185e-02 3.001202425921233319e-01
-5.195689169076387476e-02 3.001202425921233319e-01 -3.453760033802916185e-02 3.001202425921233319e-01
-5.195689169076387476e-02 3.001202425921233319e-01 -3.453760033802916185e-02 3.001202425921233319e-01
-5.195689169076387476e-02 3.001202425921233319e-01 -3.453760033802916185e-02 3.001202425921233319e-01
-3.517728320903589223e-01 1.964256196628228757e-01 2.102301197123488188e-02 1.964256196628228757e-01
-3.517728320903589223e-01 1.964256196628228757e-01 2.102301197123488188e-02 1.964256196628228757e-01
-3.517728320903589223e-01 1.964256196628228757e-01 2.102301197123488188e-02 1.964256196628228757e-01
-3.517728320903589223e-01 1.964256196628228757e-01 2.102301197123488188e-02 1.964256196628228757e-01
-3.517728320903589223e-01 1.964256196628228757e-01 2.102301197123488188e-02 1.964256196628228757e-01
8.389845830447892339e-02 2.723376644848254369e-01 1.471810020282373309e-02 2.723376644848254369e-01
-9.086122990721096082e-02 3.017105344149014212e-01 -1.818290000054255048e-02 3.017105344149014212e-01
-3.776512799816961197e-01 4.435691724094891764e-01 -2.502293071527266800e-04 4.435691724094891764e-01
1.214876401598528237e-03 -3.351791660832962871e-01 -9.443155676399530088e-03 -3.351791660832962871e-01
-3.068624217490947825e-01 -4.031175164566526137e-01 2.370052932445498861e-02 -4.031175164566526137e-01
-3.543725009850123842e-01 -3.717758994305201958e-01 -3.269982395183177598e-02 -3.717758994305201958e-01
-7.650525194321584621e-01 -4.425087852228942187e-01 -2.892050416602433560e-01 -4.425087852228942187e-01
-3.382080719593462126e-01 1.308514573802885272e-01 8.920282312762473770e-03 1.308514573802885272e-01
7.656632264457748083e-02 1.066139907998817360e-01 1.735321319216377375e-02 1.066139907998817360e-01
-3.368690917673956009e-01 2.328668392970383860e-01 3.299028491511527515e-03 2.328668392970383860e-01
-3.552911229318404529e-01 2.399402709532990619e-01 -5.664115935112666936e-03 2.399402709532990619e-01
-3.322621939781334466e-01 2.171014868034443490e-01 -3.107008762024008643e-03 2.171014868034443490e-01
-3.516981236700191665e-02 2.665369745972901439e-01 -1.711604640293952484e-02 2.665369745972901439e-01
2.292885245852715748e-01 2.104596556611081359e-01 6.385994112949787416e-02 2.104596556611081359e-01
2.292885245852715748e-01 2.104596556611081359e-01 6.385994112949787416e-02 2.104596556611081359e-01
2.431529902272588362e-01 2.289014033540321957e-01 5.171216513389528813e-02 2.289014033540321957e-01
-3.329410822376464019e-01 2.392264204991510490e-01 2.354319075873996872e-03 2.392264204991510490e-01
-3.329410822376464019e-01 2.392264204991510490e-01 2.354319075873996872e-03 2.392264204991510490e-01
-3.302175554185358686e-01 2.165023565984458276e-01 6.468649439990645407e-03 2.165023565984458276e-01
-3.542393683894414225e-01 2.506333746805756713e-01 -3.626286634043036656e-03 2.506333746805756713e-01
-3.029593239824509565e-01 2.623454506029870292e-01 -4.638266589284296970e-02 2.623454506029870292e-01
-3.029593239824509565e-01 2.623454506029870292e-01 -4.638266589284296970e-02 2.623454506029870292e-01
-3.304771627205245754e-01 2.364269686111358793e-01 3.362477000093077890e-03 2.364269686111358793e-01
-3.539459068727163760e-01 2.287454908060171377e-01 7.387687875619228586e-03 2.287454908060171377e-01
-3.089087627373538480e-01 2.250880839273005918e-01 -2.343062232398934741e-02 2.250880839273005918e-01
-2.824898187267474992e-01 1.968412626321936199e-01 -2.462944816317896857e-02 1.968412626321936199e-01
-3.202981143258532004e-01 2.117719403960334756e-01 -1.343907088024378152e-02 2.117719403960334756e-01
-3.267117836068329506e-01 1.814304414056008563e-01 -3.299755207957088318e-03 1.814304414056008563e-01
-3.356492072283294159e-01 1.614224546332184151e-01 -2.561319499826923002e-02 1.614224546332184151e-01
-3.356492072283294159e-01 1.614224546332184151e-01 -2.561319499826923002e-02 1.614224546332184151e-01
-3.107974838528674288e-01 8.057997163600023882e-02 4.652824257073673829e-03 8.057997163600023882e-02
-2.884411793287827153e-01 3.434503967444766520e-02 1.101801884772594768e-02 3.434503967444766520e-02
-2.884411793287827153e-01 3.434503967444766520e-02 1.101801884772594768e-02 3.434503967444766520e-02
-2.625968331382678711e-01 -1.792038261272610108e-02 1.572830352619146096e-02 -1.792038261272610108e-02
-2.442260480675854661e-01 1.152713489144912163e-03 -3.906219180612610642e-02 1.152713489144912163e-03
-1.811168593065450305e-01 7.090581172529680960e-03 -8.671255749075602870e-02 7.090581172529680960e-03
-1.638551722204807104e-01 -8.272657055198105736e-03 -6.001023065786922212e-02 -8.272657055198105736e-03
-2.103024802821990558e-01 1.285633112801796291e-02 1.491138600080873546e-02 1.285633112801796291e-02
-1.965455426424113639e-01 -8.016624589617821206e-02 -9.155806939939445388e-02 -8.016624589617821206e-02
-1.693189198088939362e-01 -1.133627669310481173e-01 1.484663371903092131e-02 -1.133627669310481173e-01
-1.693189198088939362e-01 -1.133627669310481173e-01 1.484663371903092131e-02 -1.133627669310481173e-01
-1.562016554300163507e-01 -1.264410101389924768e-01 3.811526131497247095e-03 -1.264410101389924768e-01
-1.298556463606219957e-01 -1.848493540886882447e-01 1.665938278853663565e-02 -1.848493540886882447e-01
-1.298556463606219957e-01 -1.848493540886882447e-01 1.665938278853663565e-02 -1.848493540886882447e-01
-1.139430021289961764e-01 -2.069969006254475941e-01 1.425534389827836854e-02 -2.069969006254475941e-01
-8.748286870924142089e-02 -2.042370753156297902e-01 -3.808967089095975644e-02 -2.042370753156297902e-01
-8.748286870924142089e-02 -2.042370753156297902e-01 -3.808967089095975644e-02 -2.042370753156297902e-01
-8.136958870015417733e-02 -2.373411766785758492e-01 2.280826788582552677e-03 -2.373411766785758492e-01
-7.460686105028868642e-02 -2.281193001884797289e-01 2.031847304668252360e-04 -2.281193001884797289e-01
-5.642730444699127490e-02 -2.501115589155022967e-01 -1.861540853905907511e-02 -2.501115589155022967e-01
-2.449749189588136186e-02 -2.442542279444736009e-01 1.152670119375307466e-02 -2.442542279444736009e-01
-4.348663450647683587e-02 -2.309037619234689254e-01 3.200747272036022061e-03 -2.309037619234689254e-01
1.090986840196325192e-01 -2.270083797252961666e-01 5.523298454193935336e-02 -2.270083797252961666e-01
-4.440051768395741200e-02 -2.457286911801903062e-01 -4.314818001474954312e-02 -2.457286911801903062e-01
-4.440051768395741200e-02 -2.457286911801903062e-01 -4.314818001474954312e-02 -2.457286911801903062e-01
-1.988752979968414283e-02 -2.680549365230464609e-01 1.605411562025942096e-02 -2.680549365230464609e-01
-2.813478192514340739e-02 -2.520193727321381472e-01 1.883764582067281798e-02 -2.520193727321381472e-01
-2.813478192514340739e-02 -2.520193727321381472e-01 1.883764582067281798e-02 -2.520193727321381472e-01
-3.285753891552104650e-02 -2.322219571193615828e-01 1.615483589082768179e-02 -2.322219571193615828e-01
-3.860444159085396620e-02 -2.412572377275250812e-01 1.317758148313512290e-02 -2.412572377275250812e-01
1.222804723288810902e-01 -3.253092757563551540e-01 5.047651541830913691e-02 -3.253092757563551540e-01
-2.837452584704487982e-02 -2.553389699519485467e-01 2.285665073838544573e-02 -2.553389699519485467e-01
-2.837452584704487982e-02 -2.553389699519485467e-01 2.285665073838544573e-02 -2.553389699519485467e-01
-3.443935446621575885e-02 -2.301647682622547653e-01 -1.200690492863118811e-02 -2.301647682622547653e-01
-3.969670204141489273e-02 -2.408363824414975762e-01 2.229832353713452966e-02 -2.408363824414975762e-01
-3.969670204141489273e-02 -2.408363824414975762e-01 2.229832353713452966e-02 -2.408363824414975762e-01
-3.991766782712446310e-02 -2.455188681739083612e-01 1.641113251158007533e-02 -2.455188681739083612e-01
-1.582878948369211697e-02 -2.318408886995834139e-01 1.504335858066586928e-02 -2.318408886995834139e-01
-1.582878948369211697e-02 -2.318408886995834139e-01 1.504335858066586928e-02 -2.318408886995834139e-01
-1.821514562208134333e-02 -2.220305745207738768e-01 1.392315492999976999e-02 -2.220305745207738768e-01
-1.821514562208134333e-02 -2.220305745207738768e-01 1.392315492999976999e-02 -2.220305745207738768e-01
-3.277141471586063337e-02 -2.260514924583829355e-01 9.155373811708654788e-03 -2.260514924583829355e-01
-2.602127908356023991e-02 -2.527266636346705564e-01 3.224813187752376131e-03 -2.527266636346705564e-01
-2.602127908356023991e-02 -2.527266636346705564e-01 3.224813187752376131e-03 -2.527266636346705564e-01
-1.780708180306028385e-02 -2.302305043672669138e-01 1.268345358078691761e-02 -2.302305043672669138e-01
-3.060717125424150531e-02 -2.397807947221462788e-01 1.310697324894534964e-02 -2.397807947221462788e-01
-3.060717125424150531e-02 -2.397807947221462788e-01 1.310697324894534964e-02 -2.397807947221462788e-01
-3.077779494334674168e-02 -2.340663861377040300e-01 9.694108711361554623e-03 -2.340663861377040300e-01
-3.606994277641961677e-02 -2.380686586679959804e-01 1.019396276498837559e-02 -2.380686586679959804e-01
-3.606994277641961677e-02 -2.380686586679959804e-01 1.019396276498837559e-02 -2.380686586679959804e-01
-2.908717040323523240e-02 -2.581390400406899377e-01 -9.994109639006881415e-03 -2.581390400406899377e-01
-2.096934025040670529e-02 -2.288119191385869777e-01 7.996737635973340252e-03 -2.288119191385869777e-01
-2.096934025040670529e-02 -2.288119191385869777e-01 7.996737635973340252e-03 -2.288119191385869777e-01
-3.538680735911505643e-02 -2.368092725476999560e-01 8.582381289759452581e-03 -2.368092725476999560e-01
-2.766157283596160782e-02 -2.593427456618257465e-01 -1.012217033999915708e-02 -2.593427456618257465e-01
-1.053640423989271428e-02 -2.414579783446808015e-01 1.792689110868353128e-02 -2.414579783446808015e-01
-3.359347342382025536e-02 -2.388340861502817047e-01 1.065855281329344123e-02 -2.388340861502817047e-01
-3.359347342382025536e-02 -2.388340861502817047e-01 1.065855281329344123e-02 -2.388340861502817047e-01
-3.406300144257171092e-02 -2.446765913403673998e-01 1.392145372135181018e-02 -2.446765913403673998e-01
-3.318143715740654032e-02 -2.461097035795006827e-01 2.612427712263982234e-03 -2.461097035795006827e-01
-3.402777935544751275e-02 -2.434514347094519082e-01 1.379447531241509602e-02 -2.434514347094519082e-01
-8.547717346477724798e-03 -2.410982700772089371e-01 1.829179997810154515e-02 -2.410982700772089371e-01
-2.781478071659005888e-02 -2.453030318674551957e-01 6.652558909185597724e-03 -2.453030318674551957e-01
-2.781478071659005888e-02 -2.453030318674551957e-01 6.652558909185597724e-03 -2.453030318674551957e-01
-3.451936935132264572e-02 -2.432013593521702710e-01 -2.189869618074973684e-02 -2.432013593521702710e-01
-3.281852314059049980e-02 -2.445327064464238032e-01 1.403448708859388744e-02 -2.445327064464238032e-01
-3.281852314059049980e-02 -2.445327064464238032e-01 1.403448708859388744e-02 -2.445327064464238032e-01
-6.355862962764122215e-03 -2.426999606692803735e-01 1.900017688366731350e-02 -2.426999606692803735e-01
-6.355862962764122215e-03 -2.426999606692803735e-01 1.900017688366731350e-02 -2.426999606692803735e-01
-2.986374411015548999e-02 -2.394716632960379454e-01 -5.484518803764603344e-03 -2.394716632960379454e-01
-3.157216834061077337e-02 -2.443877772070750520e-01 1.415452088100577210e-02 -2.443877772070750520e-01
-3.160434575649186811e-02 -2.456180323343304384e-01 1.427857260597571905e-02 -2.456180323343304384e-01
-3.160434575649186811e-02 -2.456180323343304384e-01 1.427857260597571905e-02 -2.456180323343304384e-01
-2.331251185436123557e-02 -2.519647736371976032e-01 -7.381347271395966372e-03 -2.519647736371976032e-01
-3.101365673884283816e-02 -2.438314999851595444e-01 1.792328911218501672e-02 -2.438314999851595444e-01
-2.331251185436123557e-02 -2.519647736371976032e-01 -7.381347271395966372e-03 -2.519647736371976032e-01
-2.386316498562148988e-02 -2.398837766619353329e-01 -1.628936599526282711e-02 -2.398837766619353329e-01
4.342483842590091903e-02 -3.177406585195323707e-01 1.959304909636027867e-02 -3.177406585195323707e-01
-8.709788141954518878e-03 -2.333834108847681610e-01 1.398825910148961647e-02 -2.333834108847681610e-01
-8.709788141954518878e-03 -2.333834108847681610e-01 1.398825910148961647e-02 -2.333834108847681610e-01
-1.266641658052847924e-02 -2.678833014143315316e-01 1.554174335475036646e-02 -2.678833014143315316e-01
-2.985099029800441367e-02 -2.441321173956815804e-01 4.730804737597077078e-03 -2.441321173956815804e-01
-2.985099029800441367e-02 -2.441321173956815804e-01 4.730804737597077078e-03 -2.441321173956815804e-01
-2.350077432067357308e-02 -2.453266773072293461e-01 -6.505662051749108200e-03 -2.453266773072293461e-01
-1.192591353646451670e-02 -2.479201376438429916e-01 9.247289015794567593e-03 -2.479201376438429916e-01
-2.181489591634980588e-02 -2.532380401366651212e-01 -7.407566250465172884e-03 -2.532380401366651212e-01
-1.250485893932410525e-02 -2.592686322906821994e-01 1.275838877980617868e-02 -2.592686322906821994e-01
-1.250485893932410525e-02 -2.592686322906821994e-01 1.275838877980617868e-02 -2.592686322906821994e-01
-2.533473938956266533e-02 -2.620917059704728769e-01 -2.334079069983123131e-02 -2.620917059704728769e-01
-2.760776827319736185e-02 -2.417240463445764209e-01 -5.164105368675763960e-03 -2.417240463445764209e-01
