0.0
-0.00424996018409729
-0.000183790922164917
-0.000183790922164917
-0.000183790922164917
-0.00019407272338867188
-0.000183790922164917
-0.00016885995864868164
-0.00016885995864868164
-0.00017949938774108887
-0.00019654631614685059
-0.0001862645149230957
-0.0001862645149230957
-0.0001862645149230957
-0.00016885995864868164
-0.00016885995864868164
-0.000183790922164917
-0.00019407272338867188
-0.00019407272338867188
-0.00019812583923339844
-0.00019875168800354004
-0.00019317865371704102
-0.00019317865371704102
-0.00019428133964538574
-0.00018846988677978516
-0.00018846988677978516
-0.00018846988677978516
-0.00019660592079162598
-0.00021404027938842773
-0.004260420799255371
-0.0001837313175201416
-0.007432013750076294
-0.007432013750076294
-0.00018426775932312012
-0.00020369887351989746
-0.00019344687461853027
-0.000214308500289917
-0.00022897124290466309
-0.00021898746490478516
-0.00021898746490478516
-0.00019344687461853027
-0.00020304322242736816
-0.00020304322242736816
-0.00019317865371704102
-0.00019407272338867188
-0.0002205967903137207
-0.00024399161338806152
-0.00021898746490478516
-0.00022897124290466309
-0.00022897124290466309
-0.00020363926887512207
-0.007412046194076538
-0.000183790922164917
-0.00017276406288146973
-0.0001678168773651123
-0.00015288591384887695
-0.00015288591384887695
-0.000183790922164917
-0.000183790922164917
-0.000183790922164917
-0.00018873810768127441
-0.000183790922164917
-0.000183790922164917
-0.000183790922164917
-0.004285871982574463
-0.00017949938774108887
-0.00017949938774108887
-0.000183790922164917
-0.00018873810768127441
-0.00019407272338867188
-0.00019407272338867188
-0.00017836689949035645
-0.000183790922164917
-0.000183790922164917
-0.00019407272338867188
-0.00021851062774658203
-0.00022897124290466309
-0.007392466068267822
-0.00022897124290466309
-0.00021857023239135742
-0.00022041797637939453
-0.00017723441123962402
-0.00021532177925109863
-0.000183790922164917
-0.0001678168773651123
-0.0001678168773651123
-0.00020304322242736816
-0.00022041797637939453
-0.00020304322242736816
-0.00019812583923339844
-0.00018849968910217285
-0.00019812583923339844
-0.00022897124290466309
-0.00022897124290466309
-0.00021851062774658203
-0.0002461671829223633
-0.00018846988677978516
-0.00019407272338867188
-0.00019875168800354004
-0.00022926926612854004
