0.000000000000000000e+00
0.000000000000000000e+00
2.470016479492187500e-03
2.470016479492187500e-03
5.542278289794921875e-03
5.542278289794921875e-03
3.779387474060058594e-02
3.779387474060058594e-02
7.275128364562988281e-02
7.275128364562988281e-02
1.049516201019287109e-01
1.049516201019287109e-01
1.358675956726074219e-01
1.358675956726074219e-01
1.684503555297851562e-01
1.684503555297851562e-01
2.008879184722900391e-01
2.008879184722900391e-01
2.339222431182861328e-01
2.339222431182861328e-01
2.655196189880371094e-01
2.655196189880371094e-01
2.986009120941162109e-01
2.986009120941162109e-01
3.321835994720458984e-01
3.321835994720458984e-01
3.631076812744140625e-01
3.631076812744140625e-01
3.958828449249267578e-01
3.958828449249267578e-01
4.280848503112792969e-01
4.280848503112792969e-01
4.608566761016845703e-01
4.608566761016845703e-01
4.949610233306884766e-01
4.949610233306884766e-01
5.297570228576660156e-01
5.297570228576660156e-01
5.603101253509521484e-01
5.603101253509521484e-01
5.990860462188720703e-01
5.990860462188720703e-01
6.312437057495117188e-01
6.312437057495117188e-01
6.663334369659423828e-01
6.663334369659423828e-01
6.965057849884033203e-01
6.965057849884033203e-01
7.307860851287841797e-01
7.307860851287841797e-01
7.616295814514160156e-01
7.616295814514160156e-01
7.938182353973388672e-01
7.938182353973388672e-01
8.268256187438964844e-01
8.268256187438964844e-01
8.578343391418457031e-01
8.578343391418457031e-01
8.903622627258300781e-01
8.903622627258300781e-01
9.233059883117675781e-01
9.233059883117675781e-01
9.561467170715332031e-01
9.561467170715332031e-01
9.879925251007080078e-01
9.879925251007080078e-01
1.022545814514160156e+00
1.022545814514160156e+00
1.053373813629150391e+00
1.053373813629150391e+00
1.090086460113525391e+00
1.090086460113525391e+00
1.118599176406860352e+00
1.118599176406860352e+00
1.150707006454467773e+00
1.150707006454467773e+00
1.184217691421508789e+00
1.184217691421508789e+00
1.216318845748901367e+00
1.216318845748901367e+00
1.248086690902709961e+00
1.248086690902709961e+00
1.281304597854614258e+00
1.281304597854614258e+00
1.313575744628906250e+00
1.313575744628906250e+00
1.346203088760375977e+00
1.346203088760375977e+00
1.379490137100219727e+00
1.379490137100219727e+00
1.413876056671142578e+00
1.413876056671142578e+00
1.445446729660034180e+00
1.445446729660034180e+00
1.476521730422973633e+00
1.476521730422973633e+00
1.509114742279052734e+00
1.509114742279052734e+00
1.543025016784667969e+00
1.543025016784667969e+00
1.576411485671997070e+00
1.576411485671997070e+00
1.607641696929931641e+00
1.607641696929931641e+00
1.641254901885986328e+00
1.641254901885986328e+00
1.675030469894409180e+00
1.675030469894409180e+00
1.706238031387329102e+00
1.706238031387329102e+00
1.737461090087890625e+00
1.737461090087890625e+00
1.770660161972045898e+00
1.770660161972045898e+00
1.802712678909301758e+00
1.802712678909301758e+00
1.836488723754882812e+00
1.836488723754882812e+00
1.869359016418457031e+00
1.869359016418457031e+00
1.901142120361328125e+00
1.901142120361328125e+00
1.934157609939575195e+00
1.934157609939575195e+00
1.966388225555419922e+00
1.966388225555419922e+00
2.000096797943115234e+00
2.000096797943115234e+00
2.032161951065063477e+00
2.032161951065063477e+00
2.064090967178344727e+00
2.064090967178344727e+00
2.099267244338989258e+00
2.099267244338989258e+00
2.131054639816284180e+00
2.131054639816284180e+00
2.162165641784667969e+00
2.162165641784667969e+00
2.195455551147460938e+00
2.195455551147460938e+00
2.227048397064208984e+00
2.227048397064208984e+00
2.261302232742309570e+00
2.261302232742309570e+00
2.292022466659545898e+00
2.292022466659545898e+00
2.324294328689575195e+00
2.324294328689575195e+00
2.357901334762573242e+00
2.357901334762573242e+00
2.390207052230834961e+00
2.390207052230834961e+00
2.422466516494750977e+00
2.422466516494750977e+00
2.455265998840332031e+00
2.455265998840332031e+00
2.487319707870483398e+00
2.487319707870483398e+00
2.519791126251220703e+00
2.519791126251220703e+00
2.554678916931152344e+00
2.554678916931152344e+00
2.585587739944458008e+00
2.585587739944458008e+00
2.622040271759033203e+00
2.622040271759033203e+00
2.650614738464355469e+00
2.650614738464355469e+00
2.682674646377563477e+00
2.682674646377563477e+00
2.716593027114868164e+00
2.716593027114868164e+00
2.748557329177856445e+00
2.748557329177856445e+00
2.780071258544921875e+00
2.780071258544921875e+00
2.814200639724731445e+00
2.814200639724731445e+00
2.845087528228759766e+00
2.845087528228759766e+00
2.878540992736816406e+00
2.878540992736816406e+00
2.910624504089355469e+00
2.910624504089355469e+00
2.944026947021484375e+00
2.944026947021484375e+00
2.977933406829833984e+00
2.977933406829833984e+00
3.009346723556518555e+00
3.009346723556518555e+00
3.041465044021606445e+00
3.041465044021606445e+00
3.074373245239257812e+00
3.074373245239257812e+00
3.108453035354614258e+00
3.108453035354614258e+00
3.139465808868408203e+00
3.139465808868408203e+00
3.172555685043334961e+00
3.172555685043334961e+00
3.209360599517822266e+00
3.209360599517822266e+00
3.239610671997070312e+00
3.239610671997070312e+00
3.270876407623291016e+00
3.270876407623291016e+00
3.303941011428833008e+00
3.303941011428833008e+00
3.337286472320556641e+00
3.337286472320556641e+00
3.367977857589721680e+00
3.367977857589721680e+00
3.400786876678466797e+00
3.400786876678466797e+00
3.433712005615234375e+00
3.433712005615234375e+00
3.466040372848510742e+00
3.466040372848510742e+00
3.498020648956298828e+00
3.498020648956298828e+00
3.533427000045776367e+00
3.533427000045776367e+00
3.564436674118041992e+00
3.564436674118041992e+00
3.596981048583984375e+00
3.596981048583984375e+00
3.631290674209594727e+00
3.631290674209594727e+00
3.662022829055786133e+00
3.662022829055786133e+00
3.694587230682373047e+00
3.694587230682373047e+00
3.728120565414428711e+00
3.728120565414428711e+00
3.760203123092651367e+00
3.760203123092651367e+00
3.792749643325805664e+00
3.792749643325805664e+00
3.825684547424316406e+00
3.825684547424316406e+00
3.857535600662231445e+00
3.857535600662231445e+00
3.890257120132446289e+00
3.890257120132446289e+00
3.922536611557006836e+00
3.922536611557006836e+00
3.955143451690673828e+00
3.955143451690673828e+00
3.987732648849487305e+00
3.987732648849487305e+00
4.019735813140869141e+00
4.019735813140869141e+00
4.052170753479003906e+00
4.052170753479003906e+00
4.085095882415771484e+00
4.085095882415771484e+00
4.117601156234741211e+00
4.117601156234741211e+00
4.150374650955200195e+00
4.150374650955200195e+00
4.182363748550415039e+00
4.182363748550415039e+00
4.214931249618530273e+00
4.214931249618530273e+00
4.247959613800048828e+00
4.247959613800048828e+00
4.280227422714233398e+00
4.280227422714233398e+00
4.312915086746215820e+00
4.312915086746215820e+00
4.345220804214477539e+00
4.345220804214477539e+00
4.379302501678466797e+00
4.379302501678466797e+00
4.410524845123291016e+00
4.410524845123291016e+00
4.444519042968750000e+00
4.444519042968750000e+00
4.477329492568969727e+00
4.477329492568969727e+00
4.511472940444946289e+00
4.511472940444946289e+00
4.542180061340332031e+00
4.542180061340332031e+00
4.574470996856689453e+00
4.574470996856689453e+00
4.608008384704589844e+00
4.608008384704589844e+00
4.640575647354125977e+00
4.640575647354125977e+00
4.671066522598266602e+00
4.671066522598266602e+00
4.704751968383789062e+00
4.704751968383789062e+00
4.737783432006835938e+00
4.737783432006835938e+00
4.770229339599609375e+00
4.770229339599609375e+00
4.801441907882690430e+00
4.801441907882690430e+00
4.834864854812622070e+00
4.834864854812622070e+00
4.868764162063598633e+00
4.868764162063598633e+00
4.900789976119995117e+00
4.900789976119995117e+00
4.931416988372802734e+00
4.931416988372802734e+00
4.965344905853271484e+00
4.965344905853271484e+00
4.996601819992065430e+00
4.996601819992065430e+00
5.030049085617065430e+00
5.030049085617065430e+00
5.062555313110351562e+00
5.062555313110351562e+00
5.095108032226562500e+00
5.095108032226562500e+00
5.127810001373291016e+00
5.127810001373291016e+00
5.163309574127197266e+00
5.163309574127197266e+00
5.194269895553588867e+00
5.194269895553588867e+00
5.229018211364746094e+00
5.229018211364746094e+00
5.262364149093627930e+00
5.262364149093627930e+00
5.293769836425781250e+00
5.293769836425781250e+00
5.328027963638305664e+00
5.328027963638305664e+00
5.359536170959472656e+00
5.359536170959472656e+00
5.391022205352783203e+00
5.391022205352783203e+00
5.423648595809936523e+00
5.423648595809936523e+00
5.456018209457397461e+00
5.456018209457397461e+00
5.489450693130493164e+00
5.489450693130493164e+00
5.521432876586914062e+00
5.521432876586914062e+00
5.553531646728515625e+00
5.553531646728515625e+00
5.588980674743652344e+00
5.588980674743652344e+00
5.619483947753906250e+00
5.619483947753906250e+00
5.653757572174072266e+00
5.653757572174072266e+00
5.683724164962768555e+00
5.683724164962768555e+00
5.717248916625976562e+00
5.717248916625976562e+00
5.749676942825317383e+00
5.749676942825317383e+00
5.782357454299926758e+00
5.782357454299926758e+00
5.815686464309692383e+00
5.815686464309692383e+00
5.847444295883178711e+00
5.847444295883178711e+00
5.881072998046875000e+00
5.881072998046875000e+00
5.913250446319580078e+00
5.913250446319580078e+00
5.946990728378295898e+00
5.946990728378295898e+00
5.977547883987426758e+00
5.977547883987426758e+00
6.010255098342895508e+00
6.010255098342895508e+00
6.044569015502929688e+00
6.044569015502929688e+00
6.075563907623291016e+00
6.075563907623291016e+00
6.108561992645263672e+00
6.108561992645263672e+00
6.140428066253662109e+00
6.140428066253662109e+00
6.175656795501708984e+00
6.175656795501708984e+00
6.206220149993896484e+00
6.206220149993896484e+00
6.241668462753295898e+00
6.241668462753295898e+00
6.270296335220336914e+00
6.270296335220336914e+00
6.303503513336181641e+00
6.303503513336181641e+00
6.336286306381225586e+00
6.336286306381225586e+00
6.367659807205200195e+00
6.367659807205200195e+00
6.401262283325195312e+00
6.401262283325195312e+00
6.436550617218017578e+00
6.436550617218017578e+00
6.466009616851806641e+00
6.466009616851806641e+00
6.498981952667236328e+00
6.498981952667236328e+00
6.531324625015258789e+00
6.531324625015258789e+00
6.563624143600463867e+00
6.563624143600463867e+00
6.597374200820922852e+00
6.597374200820922852e+00
6.628682851791381836e+00
6.628682851791381836e+00
6.661794662475585938e+00
6.661794662475585938e+00
6.693947553634643555e+00
6.693947553634643555e+00
6.726078510284423828e+00
6.726078510284423828e+00
6.760571241378784180e+00
6.760571241378784180e+00
6.791671037673950195e+00
6.791671037673950195e+00
6.823673009872436523e+00
6.823673009872436523e+00
6.857870817184448242e+00
6.857870817184448242e+00
6.889566421508789062e+00
6.889566421508789062e+00
6.921592235565185547e+00
6.921592235565185547e+00
6.954233646392822266e+00
6.954233646392822266e+00
6.987773656845092773e+00
6.987773656845092773e+00
7.019602060317993164e+00
7.019602060317993164e+00
7.052749633789062500e+00
7.052749633789062500e+00
7.084520101547241211e+00
7.084520101547241211e+00
7.120006084442138672e+00
7.120006084442138672e+00
7.151184797286987305e+00
7.151184797286987305e+00
7.184289455413818359e+00
7.184289455413818359e+00
7.216063261032104492e+00
7.216063261032104492e+00
7.249627351760864258e+00
7.249627351760864258e+00
7.281496286392211914e+00
7.281496286392211914e+00
7.314650058746337891e+00
7.314650058746337891e+00
7.346262693405151367e+00
7.346262693405151367e+00
7.378805637359619141e+00
7.378805637359619141e+00
7.411500692367553711e+00
7.411500692367553711e+00
7.447525978088378906e+00
7.447525978088378906e+00
7.478154182434082031e+00
7.478154182434082031e+00
7.510093212127685547e+00
7.510093212127685547e+00
7.542950391769409180e+00
7.542950391769409180e+00
7.576791286468505859e+00
7.576791286468505859e+00
7.610397815704345703e+00
7.610397815704345703e+00
7.641043424606323242e+00
7.641043424606323242e+00
7.673334360122680664e+00
7.673334360122680664e+00
7.706965446472167969e+00
7.706965446472167969e+00
7.738788366317749023e+00
7.738788366317749023e+00
7.771385669708251953e+00
7.771385669708251953e+00
7.803285837173461914e+00
7.803285837173461914e+00
7.835983276367187500e+00
7.835983276367187500e+00
7.869405984878540039e+00
7.869405984878540039e+00
7.901101827621459961e+00
7.901101827621459961e+00
7.934094429016113281e+00
7.934094429016113281e+00
7.966338396072387695e+00
7.966338396072387695e+00
7.998383998870849609e+00
7.998383998870849609e+00
8.031755208969116211e+00
8.031755208969116211e+00
8.063673973083496094e+00
8.063673973083496094e+00
8.097153663635253906e+00
8.097153663635253906e+00
8.128851890563964844e+00
8.128851890563964844e+00
8.161546230316162109e+00
8.161546230316162109e+00
8.196340084075927734e+00
8.196340084075927734e+00
8.227641105651855469e+00
8.227641105651855469e+00
8.259683370590209961e+00
8.259683370590209961e+00
8.294559478759765625e+00
8.294559478759765625e+00
8.327843904495239258e+00
8.327843904495239258e+00
8.358143568038940430e+00
8.358143568038940430e+00
8.391048669815063477e+00
8.391048669815063477e+00
8.422503471374511719e+00
8.422503471374511719e+00
8.455363273620605469e+00
8.455363273620605469e+00
8.489406347274780273e+00
8.489406347274780273e+00
8.520403385162353516e+00
8.520403385162353516e+00
8.552749395370483398e+00
8.552749395370483398e+00
8.585358858108520508e+00
8.585358858108520508e+00
8.617453575134277344e+00
8.617453575134277344e+00
8.651636838912963867e+00
8.651636838912963867e+00
8.683940649032592773e+00
8.683940649032592773e+00
8.715065479278564453e+00
8.715065479278564453e+00
8.748157262802124023e+00
8.748157262802124023e+00
8.781928300857543945e+00
8.781928300857543945e+00
8.812644481658935547e+00
8.812644481658935547e+00
8.846280574798583984e+00
8.846280574798583984e+00
8.878107309341430664e+00
8.878107309341430664e+00
8.910347700119018555e+00
8.910347700119018555e+00
8.943828105926513672e+00
8.943828105926513672e+00
8.976158857345581055e+00
8.976158857345581055e+00
9.012432575225830078e+00
9.012432575225830078e+00
9.042809009552001953e+00
9.042809009552001953e+00
9.074385881423950195e+00
9.074385881423950195e+00
9.108091354370117188e+00
9.108091354370117188e+00
9.142667293548583984e+00
9.142667293548583984e+00
9.173414707183837891e+00
9.173414707183837891e+00
9.208314418792724609e+00
9.208314418792724609e+00
9.239732980728149414e+00
9.239732980728149414e+00
9.270583391189575195e+00
9.270583391189575195e+00
9.303217172622680664e+00
9.303217172622680664e+00
9.335837125778198242e+00
9.335837125778198242e+00
9.369610786437988281e+00
9.369610786437988281e+00
9.401488304138183594e+00
9.401488304138183594e+00
9.433389902114868164e+00
9.433389902114868164e+00
9.469131231307983398e+00
9.469131231307983398e+00
9.499224901199340820e+00
9.499224901199340820e+00
9.531671285629272461e+00
9.531671285629272461e+00
9.564702987670898438e+00
9.564702987670898438e+00
9.599255800247192383e+00
9.599255800247192383e+00
9.631008386611938477e+00
9.631008386611938477e+00
9.662431001663208008e+00
9.662431001663208008e+00
9.694940805435180664e+00
9.694940805435180664e+00
9.732013225555419922e+00
9.732013225555419922e+00
9.760867118835449219e+00
9.760867118835449219e+00
9.793579578399658203e+00
9.793579578399658203e+00
9.827198982238769531e+00
9.827198982238769531e+00
9.858714580535888672e+00
9.858714580535888672e+00
9.891126632690429688e+00
9.891126632690429688e+00
9.925666093826293945e+00
9.925666093826293945e+00
9.956894874572753906e+00
9.956894874572753906e+00
9.989181756973266602e+00
9.989181756973266602e+00
1.002223825454711914e+01
1.002223825454711914e+01
1.005478000640869141e+01
1.005478000640869141e+01
1.008670425415039062e+01
1.008670425415039062e+01
1.011910367012023926e+01
1.011910367012023926e+01
1.015121865272521973e+01
1.015121865272521973e+01
1.018410897254943848e+01
1.018410897254943848e+01
1.022260069847106934e+01
1.022260069847106934e+01
1.025284314155578613e+01
1.025284314155578613e+01
1.028539252281188965e+01
1.028539252281188965e+01
1.031812644004821777e+01
1.031812644004821777e+01
1.035004448890686035e+01
1.035004448890686035e+01
1.038357996940612793e+01
1.038357996940612793e+01
1.041598248481750488e+01
1.041598248481750488e+01
1.044901609420776367e+01
1.044901609420776367e+01
1.048053884506225586e+01
1.048053884506225586e+01
1.051326370239257812e+01
1.051326370239257812e+01
1.054576826095581055e+01
1.054576826095581055e+01
1.057846856117248535e+01
1.057846856117248535e+01
1.060991144180297852e+01
1.060991144180297852e+01
1.064262843132019043e+01
1.064262843132019043e+01
1.067530965805053711e+01
1.067530965805053711e+01
1.070752978324890137e+01
1.070752978324890137e+01
1.074152708053588867e+01
1.074152708053588867e+01
1.077415227890014648e+01
1.077415227890014648e+01
1.080545830726623535e+01
1.080545830726623535e+01
1.083958172798156738e+01
1.083958172798156738e+01
1.087083816528320312e+01
1.087083816528320312e+01
1.090286707878112793e+01
1.090286707878112793e+01
1.093633961677551270e+01
1.093633961677551270e+01
1.096786499023437500e+01
1.096786499023437500e+01
1.100062632560729980e+01
1.100062632560729980e+01
1.103304719924926758e+01
1.103304719924926758e+01
1.106651377677917480e+01
1.106651377677917480e+01
1.109829616546630859e+01
1.109829616546630859e+01
1.113158559799194336e+01
1.113158559799194336e+01
1.116361832618713379e+01
1.116361832618713379e+01
1.119589829444885254e+01
1.119589829444885254e+01
1.122862124443054199e+01
1.122862124443054199e+01
1.126171636581420898e+01
1.126171636581420898e+01
1.129396128654479980e+01
1.129396128654479980e+01
1.132603192329406738e+01
1.132603192329406738e+01
1.138017416000366211e+01
1.138017416000366211e+01
1.141040110588073730e+01
1.141040110588073730e+01
1.144260811805725098e+01
1.144260811805725098e+01
1.147459816932678223e+01
1.147459816932678223e+01
1.150694704055786133e+01
1.150694704055786133e+01
1.154072165489196777e+01
1.154072165489196777e+01
1.157259559631347656e+01
1.157259559631347656e+01
1.160528206825256348e+01
1.160528206825256348e+01
1.163815855979919434e+01
1.163815855979919434e+01
1.166980195045471191e+01
1.166980195045471191e+01
1.170264124870300293e+01
1.170264124870300293e+01
1.173579502105712891e+01
1.173579502105712891e+01
1.176749110221862793e+01
1.176749110221862793e+01
1.180076932907104492e+01
1.180076932907104492e+01
1.183403968811035156e+01
1.183403968811035156e+01
1.186498689651489258e+01
1.186498689651489258e+01
1.189811182022094727e+01
1.189811182022094727e+01
1.193130970001220703e+01
1.193130970001220703e+01
1.196302080154418945e+01
1.196302080154418945e+01
1.199573278427124023e+01
1.199573278427124023e+01
1.202865839004516602e+01
1.202865839004516602e+01
1.206204700469970703e+01
1.206204700469970703e+01
1.209341287612915039e+01
1.209341287612915039e+01
1.212590432167053223e+01
1.212590432167053223e+01
1.216025900840759277e+01
1.216025900840759277e+01
1.219188928604125977e+01
1.219188928604125977e+01
1.222347736358642578e+01
1.222347736358642578e+01
1.225720334053039551e+01
1.225720334053039551e+01
1.228916025161743164e+01
1.228916025161743164e+01
1.232186818122863770e+01
1.232186818122863770e+01
1.235352277755737305e+01
1.235352277755737305e+01
1.238672065734863281e+01
1.238672065734863281e+01
1.241863799095153809e+01
1.241863799095153809e+01
1.245197749137878418e+01
1.245197749137878418e+01
1.248469805717468262e+01
1.248469805717468262e+01
1.251749134063720703e+01
1.251749134063720703e+01
1.254917120933532715e+01
1.254917120933532715e+01
1.258207583427429199e+01
1.258207583427429199e+01
1.261399173736572266e+01
1.261399173736572266e+01
1.265106797218322754e+01
1.265106797218322754e+01
1.268194055557250977e+01
1.268194055557250977e+01
1.271447873115539551e+01
1.271447873115539551e+01
1.274765944480895996e+01
1.274765944480895996e+01
1.277964830398559570e+01
1.277964830398559570e+01
1.281320357322692871e+01
1.281320357322692871e+01
1.284438776969909668e+01
1.284438776969909668e+01
1.287863516807556152e+01
1.287863516807556152e+01
1.290977883338928223e+01
1.290977883338928223e+01
1.294201517105102539e+01
1.294201517105102539e+01
1.297717642784118652e+01
1.297717642784118652e+01
1.300883984565734863e+01
1.300883984565734863e+01
1.304180622100830078e+01
1.304180622100830078e+01
1.307311487197875977e+01
1.307311487197875977e+01
1.310529470443725586e+01
1.310529470443725586e+01
1.313777828216552734e+01
1.313777828216552734e+01
1.317115545272827148e+01
1.317115545272827148e+01
1.320243716239929199e+01
1.320243716239929199e+01
1.323621702194213867e+01
1.323621702194213867e+01
1.326726913452148438e+01
1.326726913452148438e+01
1.330006098747253418e+01
1.330006098747253418e+01
1.333311319351196289e+01
1.333311319351196289e+01
1.336584734916687012e+01
1.336584734916687012e+01
1.339759635925292969e+01
1.339759635925292969e+01
1.343108057975769043e+01
1.343108057975769043e+01
1.346274805068969727e+01
1.346274805068969727e+01
1.349557828903198242e+01
1.349557828903198242e+01
1.352965331077575684e+01
1.352965331077575684e+01
1.356197857856750488e+01
1.356197857856750488e+01
1.359311676025390625e+01
1.359311676025390625e+01
1.411249113082885742e+01
1.411249113082885742e+01
1.414886808395385742e+01
1.414886808395385742e+01
1.417926764488220215e+01
1.417926764488220215e+01
1.421191048622131348e+01
1.421191048622131348e+01
1.424476528167724609e+01
1.424476528167724609e+01
1.427718496322631836e+01
1.427718496322631836e+01
1.430982899665832520e+01
1.430982899665832520e+01
1.434244871139526367e+01
1.434244871139526367e+01
1.437466573715209961e+01
1.437466573715209961e+01
1.440871477127075195e+01
1.440871477127075195e+01
1.444246029853820801e+01
1.444246029853820801e+01
1.447246575355529785e+01
1.447246575355529785e+01
1.451617002487182617e+01
1.451617002487182617e+01
1.454157638549804688e+01
1.454157638549804688e+01
1.457482910156250000e+01
1.457482910156250000e+01
1.460755872726440430e+01
1.460755872726440430e+01
1.463899564743041992e+01
1.463899564743041992e+01
1.467095851898193359e+01
1.467095851898193359e+01
1.470445346832275391e+01
1.470445346832275391e+01
1.473584890365600586e+01
1.473584890365600586e+01
1.477002215385437012e+01
1.477002215385437012e+01
1.480223631858825684e+01
1.480223631858825684e+01
1.483373856544494629e+01
1.483373856544494629e+01
1.486810278892517090e+01
1.486810278892517090e+01
1.489968991279602051e+01
1.489968991279602051e+01
1.493226337432861328e+01
1.493226337432861328e+01
1.496647477149963379e+01
1.496647477149963379e+01
1.499748778343200684e+01
1.499748778343200684e+01
1.503023552894592285e+01
1.503023552894592285e+01
1.506264400482177734e+01
1.506264400482177734e+01
1.509635686874389648e+01
1.509635686874389648e+01
1.512784337997436523e+01
1.512784337997436523e+01
1.515972352027893066e+01
1.515972352027893066e+01
1.519226264953613281e+01
1.519226264953613281e+01
1.522572946548461914e+01
1.522572946548461914e+01
1.525820684432983398e+01
1.525820684432983398e+01
1.529019522666931152e+01
1.529019522666931152e+01
1.532273244857788086e+01
1.532273244857788086e+01
1.535743093490600586e+01
1.535743093490600586e+01
1.538771462440490723e+01
1.538771462440490723e+01
1.542370629310607910e+01
1.542370629310607910e+01
1.545350289344787598e+01
1.545350289344787598e+01
1.548747444152832031e+01
1.548747444152832031e+01
1.556735706329345703e+01
1.556735706329345703e+01
1.561857986450195312e+01
1.561857986450195312e+01
1.565783667564392090e+01
1.565783667564392090e+01
1.572598648071289062e+01
1.572598648071289062e+01
1.579123950004577637e+01
1.579123950004577637e+01
1.585557079315185547e+01
1.585557079315185547e+01
1.591025686264038086e+01
1.591025686264038086e+01
1.594241857528686523e+01
1.594241857528686523e+01
1.598206520080566406e+01
1.598206520080566406e+01
1.602323460578918457e+01
1.602323460578918457e+01
1.605645751953125000e+01
1.605645751953125000e+01
1.609417104721069336e+01
1.609417104721069336e+01
1.613533425331115723e+01
1.613533425331115723e+01
1.617518115043640137e+01
1.617518115043640137e+01
1.621399736404418945e+01
1.621399736404418945e+01
1.624404120445251465e+01
1.624404120445251465e+01
1.631604647636413574e+01
1.631604647636413574e+01
1.636787557601928711e+01
1.636787557601928711e+01
1.641777181625366211e+01
1.641777181625366211e+01
1.648405623435974121e+01
1.648405623435974121e+01
1.652207231521606445e+01
1.652207231521606445e+01
1.655780339241027832e+01
1.655780339241027832e+01
1.662823414802551270e+01
1.662823414802551270e+01
1.667464327812194824e+01
1.667464327812194824e+01
1.672007560729980469e+01
1.672007560729980469e+01
1.678171920776367188e+01
1.678171920776367188e+01
1.682532787322998047e+01
1.682532787322998047e+01
1.689367055892944336e+01
1.689367055892944336e+01
1.695375704765319824e+01
1.695375704765319824e+01
1.699721908569335938e+01
1.699721908569335938e+01
1.700293898582458496e+01
1.700293898582458496e+01
1.703759026527404785e+01
1.703759026527404785e+01
1.726242446899414062e+01
1.726242446899414062e+01
1.830371570587158203e+01
1.830371570587158203e+01
1.833892059326171875e+01
1.833892059326171875e+01
1.837355995178222656e+01
1.837355995178222656e+01
1.840388870239257812e+01
1.840388870239257812e+01
1.869465613365173340e+01
1.869465613365173340e+01
1.873152828216552734e+01
1.873152828216552734e+01
1.876279711723327637e+01
1.876279711723327637e+01
1.879473233222961426e+01
1.879473233222961426e+01
1.882699584960937500e+01
1.882699584960937500e+01
1.885926747322082520e+01
1.885926747322082520e+01
1.889187455177307129e+01
1.889187455177307129e+01
1.892527723312377930e+01
1.892527723312377930e+01
1.895933318138122559e+01
1.895933318138122559e+01
1.899206757545471191e+01
1.899206757545471191e+01
1.902320814132690430e+01
1.902320814132690430e+01
1.905766296386718750e+01
1.905766296386718750e+01
1.909075117111206055e+01
1.909075117111206055e+01
1.912105202674865723e+01
1.912105202674865723e+01
1.915272641181945801e+01
1.915272641181945801e+01
1.918641591072082520e+01
1.918641591072082520e+01
1.921990537643432617e+01
1.921990537643432617e+01
1.925032663345336914e+01
1.925032663345336914e+01
1.928441190719604492e+01
1.928441190719604492e+01
1.931664299964904785e+01
1.931664299964904785e+01
1.934813857078552246e+01
1.934813857078552246e+01
1.938160371780395508e+01
1.938160371780395508e+01
1.941389703750610352e+01
1.941389703750610352e+01
1.944849228858947754e+01
1.944849228858947754e+01
1.947898721694946289e+01
1.947898721694946289e+01
1.951146125793457031e+01
1.951146125793457031e+01
1.954581189155578613e+01
1.954581189155578613e+01
1.957740807533264160e+01
1.957740807533264160e+01
1.960913515090942383e+01
1.960913515090942383e+01
1.964142417907714844e+01
1.964142417907714844e+01
1.967736935615539551e+01
1.967736935615539551e+01
1.970628142356872559e+01
1.970628142356872559e+01
1.973980069160461426e+01
1.973980069160461426e+01
1.977140974998474121e+01
1.977140974998474121e+01
1.980387473106384277e+01
1.980387473106384277e+01
1.983685970306396484e+01
1.983685970306396484e+01
1.986876058578491211e+01
1.986876058578491211e+01
1.990168499946594238e+01
1.990168499946594238e+01
1.993478989601135254e+01
1.993478989601135254e+01
1.996643233299255371e+01
1.996643233299255371e+01
2.000007987022399902e+01
2.000007987022399902e+01
2.003276014328002930e+01
2.003276014328002930e+01
2.006528425216674805e+01
2.006528425216674805e+01
2.009861159324645996e+01
2.009861159324645996e+01
2.012989759445190430e+01
2.012989759445190430e+01
2.016223359107971191e+01
2.016223359107971191e+01
2.019455218315124512e+01
2.019455218315124512e+01
2.022753763198852539e+01
2.022753763198852539e+01
2.026189303398132324e+01
2.026189303398132324e+01
2.029327368736267090e+01
2.029327368736267090e+01
2.032480478286743164e+01
2.032480478286743164e+01
2.035798692703247070e+01
2.035798692703247070e+01
2.038977885246276855e+01
2.038977885246276855e+01
2.042273879051208496e+01
2.042273879051208496e+01
2.045485639572143555e+01
2.045485639572143555e+01
2.048739123344421387e+01
2.048739123344421387e+01
2.052011919021606445e+01
2.052011919021606445e+01
2.055533099174499512e+01
2.055533099174499512e+01
2.058784294128417969e+01
2.058784294128417969e+01
2.062170410156250000e+01
2.062170410156250000e+01
2.065205788612365723e+01
2.065205788612365723e+01
2.068437719345092773e+01
2.068437719345092773e+01
2.071974158287048340e+01
2.071974158287048340e+01
2.075046944618225098e+01
2.075046944618225098e+01
2.078238677978515625e+01
2.078238677978515625e+01
2.081594300270080566e+01
2.081594300270080566e+01
2.084736108779907227e+01
2.084736108779907227e+01
2.088015866279602051e+01
2.088015866279602051e+01
2.091375446319580078e+01
2.091375446319580078e+01
2.094505167007446289e+01
2.094505167007446289e+01
2.098124170303344727e+01
2.098124170303344727e+01
2.101209068298339844e+01
2.101209068298339844e+01
2.104470252990722656e+01
2.104470252990722656e+01
2.107705283164978027e+01
2.107705283164978027e+01
2.111187291145324707e+01
2.111187291145324707e+01
2.114328765869140625e+01
2.114328765869140625e+01
2.117554950714111328e+01
2.117554950714111328e+01
2.120951867103576660e+01
2.120951867103576660e+01
2.124105978012084961e+01
2.124105978012084961e+01
2.127443313598632812e+01
2.127443313598632812e+01
2.130763792991638184e+01
2.130763792991638184e+01
2.134186506271362305e+01
2.134186506271362305e+01
2.137176823616027832e+01
2.137176823616027832e+01
2.140379714965820312e+01
2.140379714965820312e+01
2.143730306625366211e+01
2.143730306625366211e+01
2.146988344192504883e+01
2.146988344192504883e+01
2.150167751312255859e+01
2.150167751312255859e+01
2.153451347351074219e+01
2.153451347351074219e+01
2.156891393661499023e+01
2.156891393661499023e+01
2.160030865669250488e+01
2.160030865669250488e+01
2.163267183303833008e+01
2.163267183303833008e+01
2.166638159751892090e+01
2.166638159751892090e+01
2.169903802871704102e+01
2.169903802871704102e+01
2.173059964179992676e+01
2.173059964179992676e+01
2.176282548904418945e+01
2.176282548904418945e+01
2.179624795913696289e+01
2.179624795913696289e+01
2.182883834838867188e+01
2.182883834838867188e+01
2.186085319519042969e+01
2.186085319519042969e+01
2.189361548423767090e+01
2.189361548423767090e+01
2.192625212669372559e+01
2.192625212669372559e+01
2.195845961570739746e+01
2.195845961570739746e+01
2.199178886413574219e+01
2.199178886413574219e+01
2.202393651008605957e+01
2.202393651008605957e+01
2.205718278884887695e+01
2.205718278884887695e+01
2.208891153335571289e+01
2.208891153335571289e+01
2.212205982208251953e+01
2.212205982208251953e+01
2.215527153015136719e+01
2.215527153015136719e+01
2.218693208694458008e+01
2.218693208694458008e+01
2.221893239021301270e+01
2.221893239021301270e+01
2.225142168998718262e+01
2.225142168998718262e+01
2.228394269943237305e+01
2.228394269943237305e+01
2.231692099571228027e+01
2.231692099571228027e+01
2.234912824630737305e+01
2.234912824630737305e+01
